>GGGCGGGGCY	1-GGGCGGGGCY	8.139211	-2502.899484	0	T:4218.0(12.67%),B:1151.4(3.53%),P:1e-1086	Tpos:101.9,Tstd:50.7,Bpos:101.0,Bstd:62.1,StrandBias:-0.1,Multiplicity:1.52
0.204	0.001	0.794	0.001
0.001	0.001	0.997	0.001
0.001	0.001	0.997	0.001
0.001	0.997	0.001	0.001
0.001	0.001	0.997	0.001
0.001	0.001	0.708	0.290
0.173	0.001	0.825	0.001
0.059	0.059	0.881	0.001
0.082	0.676	0.001	0.241
0.102	0.404	0.103	0.391
>CYGATTGGHY	2-CYGATTGGHY	7.856648	-1673.575421	0	T:3188.0(9.57%),B:944.7(2.89%),P:1e-726	Tpos:102.6,Tstd:49.4,Bpos:98.5,Bstd:60.0,StrandBias:-0.1,Multiplicity:1.36
0.114	0.645	0.186	0.055
0.001	0.373	0.158	0.468
0.148	0.103	0.632	0.117
0.997	0.001	0.001	0.001
0.001	0.001	0.001	0.997
0.026	0.001	0.001	0.972
0.001	0.001	0.997	0.001
0.001	0.001	0.997	0.001
0.310	0.342	0.094	0.255
0.011	0.443	0.086	0.461
>TTCYVAGAAD	3-TTCYVAGAAD	7.403634	-1475.442292	0	T:2776.0(8.34%),B:811.6(2.49%),P:1e-640	Tpos:100.0,Tstd:50.8,Bpos:100.8,Bstd:60.1,StrandBias:-0.0,Multiplicity:1.10
0.001	0.001	0.001	0.997
0.001	0.001	0.001	0.997
0.001	0.997	0.001	0.001
0.001	0.470	0.001	0.528
0.365	0.303	0.252	0.079
0.618	0.001	0.380	0.001
0.001	0.001	0.997	0.001
0.997	0.001	0.001	0.001
0.997	0.001	0.001	0.001
0.341	0.113	0.294	0.253
>TGCGCATGCG	4-TGCGCATGCG	10.341407	-1298.116112	0	T:1151.0(3.46%),B:157.7(0.48%),P:1e-563	Tpos:100.3,Tstd:51.4,Bpos:99.7,Bstd:68.9,StrandBias:-0.0,Multiplicity:1.21
0.047	0.199	0.146	0.608
0.018	0.003	0.978	0.001
0.033	0.965	0.001	0.001
0.007	0.001	0.991	0.001
0.001	0.997	0.001	0.001
0.952	0.040	0.001	0.007
0.001	0.019	0.065	0.915
0.001	0.001	0.997	0.001
0.001	0.984	0.001	0.014
0.009	0.011	0.919	0.061
>NGTGACGTCA	5-NGTGACGTCA	6.660260	-811.708674	0	T:1242.0(3.73%),B:303.7(0.93%),P:1e-352	Tpos:101.1,Tstd:48.8,Bpos:97.2,Bstd:62.7,StrandBias:-0.0,Multiplicity:1.11
0.245	0.243	0.313	0.198
0.014	0.197	0.788	0.001
0.001	0.001	0.001	0.997
0.001	0.237	0.757	0.005
0.997	0.001	0.001	0.001
0.001	0.997	0.001	0.001
0.001	0.001	0.997	0.001
0.001	0.001	0.001	0.997
0.037	0.730	0.232	0.001
0.997	0.001	0.001	0.001
>TTTGTATGGC	6-TTTGTATGGC	7.251784	-629.763744	0	T:211.0(0.63%),B:4.5(0.01%),P:1e-273	Tpos:102.6,Tstd:51.7,Bpos:81.7,Bstd:46.2,StrandBias:-0.8,Multiplicity:1.58
0.001	0.001	0.001	0.997
0.001	0.001	0.001	0.997
0.001	0.309	0.001	0.689
0.001	0.001	0.997	0.001
0.001	0.001	0.001	0.997
0.997	0.001	0.001	0.001
0.001	0.002	0.001	0.996
0.001	0.001	0.997	0.001
0.001	0.001	0.997	0.001
0.001	0.997	0.001	0.001
>TCTCTCTCTC	7-TCTCTCTCTC	7.281023	-614.078553	0	T:5717.0(17.17%),B:3520.1(10.79%),P:1e-266	Tpos:101.3,Tstd:56.1,Bpos:100.8,Bstd:69.8,StrandBias:0.1,Multiplicity:1.20
0.001	0.188	0.221	0.590
0.004	0.634	0.361	0.001
0.266	0.074	0.239	0.421
0.001	0.896	0.102	0.001
0.001	0.001	0.259	0.739
0.001	0.997	0.001	0.001
0.029	0.004	0.325	0.642
0.001	0.720	0.278	0.001
0.001	0.001	0.316	0.682
0.001	0.654	0.329	0.016
>ACCGGAAGTG	8-ACCGGAAGTG	9.443224	-600.590686	0	T:624.0(1.87%),B:103.0(0.32%),P:1e-260	Tpos:101.0,Tstd:53.7,Bpos:96.9,Bstd:61.7,StrandBias:0.2,Multiplicity:1.18
0.791	0.001	0.200	0.008
0.001	0.974	0.024	0.001
0.001	0.986	0.012	0.001
0.001	0.007	0.991	0.001
0.001	0.001	0.997	0.001
0.997	0.001	0.001	0.001
0.986	0.003	0.010	0.001
0.019	0.001	0.979	0.001
0.008	0.146	0.001	0.845
0.078	0.073	0.740	0.109
>GCGTTGTGGG	9-GCGTTGTGGG	11.634550	-595.418944	0	T:334.0(1.00%),B:22.8(0.07%),P:1e-258	Tpos:100.3,Tstd:53.8,Bpos:96.9,Bstd:65.0,StrandBias:0.5,Multiplicity:1.45
0.001	0.001	0.997	0.001
0.001	0.997	0.001	0.001
0.305	0.001	0.693	0.001
0.001	0.001	0.001	0.997
0.001	0.001	0.139	0.859
0.139	0.001	0.859	0.001
0.001	0.001	0.001	0.997
0.001	0.176	0.822	0.001
0.001	0.001	0.997	0.001
0.001	0.001	0.591	0.407
>GTGTCGACTC	10-GTGTCGACTC	10.627503	-590.502191	0	T:233.0(0.70%),B:7.9(0.02%),P:1e-256	Tpos:104.8,Tstd:51.6,Bpos:65.8,Bstd:50.8,StrandBias:-0.4,Multiplicity:1.44
0.001	0.001	0.997	0.001
0.015	0.029	0.001	0.955
0.001	0.001	0.997	0.001
0.001	0.059	0.001	0.939
0.001	0.862	0.136	0.001
0.144	0.001	0.826	0.029
0.621	0.001	0.377	0.001
0.015	0.873	0.082	0.030
0.015	0.015	0.199	0.771
0.015	0.940	0.015	0.030
>AATSATTAAC	11-AATSATTAAC	6.616340	-572.316399	0	T:2968.0(8.91%),B:1493.6(4.58%),P:1e-248	Tpos:100.6,Tstd:54.3,Bpos:100.9,Bstd:58.5,StrandBias:0.1,Multiplicity:1.13
0.897	0.001	0.071	0.031
0.868	0.046	0.023	0.063
0.162	0.001	0.040	0.797
0.051	0.400	0.506	0.043
0.671	0.006	0.024	0.299
0.031	0.074	0.028	0.867
0.001	0.001	0.001	0.997
0.468	0.196	0.139	0.197
0.806	0.068	0.070	0.056
0.020	0.800	0.102	0.078
>TNTTTGCCAA	12-TNTTTGCCAA	5.822743	-544.197589	0	T:9543.0(28.66%),B:6863.1(21.03%),P:1e-236	Tpos:100.2,Tstd:54.6,Bpos:99.1,Bstd:58.5,StrandBias:0.0,Multiplicity:1.23
0.021	0.245	0.212	0.522
0.261	0.252	0.294	0.194
0.146	0.237	0.024	0.593
0.001	0.119	0.143	0.737
0.001	0.001	0.133	0.865
0.127	0.078	0.794	0.001
0.008	0.655	0.326	0.011
0.243	0.654	0.001	0.102
0.745	0.105	0.017	0.133
0.841	0.001	0.138	0.020
>TGACTCACGT	13-TGACTCACGT	6.672335	-443.149133	0	T:2820.0(8.47%),B:1524.6(4.67%),P:1e-192	Tpos:101.6,Tstd:52.6,Bpos:101.7,Bstd:62.8,StrandBias:-0.0,Multiplicity:1.12
0.028	0.014	0.096	0.862
0.004	0.015	0.969	0.012
0.814	0.040	0.060	0.086
0.022	0.703	0.264	0.011
0.043	0.107	0.052	0.798
0.010	0.915	0.067	0.008
0.878	0.035	0.012	0.075
0.072	0.463	0.257	0.208
0.188	0.227	0.390	0.195
0.260	0.132	0.183	0.424
>TCCCGCGAGA	14-TCCCGCGAGA	11.549928	-412.914451	0	T:154.0(0.46%),B:4.9(0.01%),P:1e-179	Tpos:102.9,Tstd:49.7,Bpos:136.7,Bstd:35.5,StrandBias:0.1,Multiplicity:1.17
0.001	0.001	0.001	0.997
0.001	0.997	0.001	0.001
0.001	0.671	0.001	0.327
0.001	0.997	0.001	0.001
0.001	0.001	0.997	0.001
0.001	0.997	0.001	0.001
0.001	0.001	0.997	0.001
0.997	0.001	0.001	0.001
0.310	0.001	0.688	0.001
0.997	0.001	0.001	0.001
>TTGTGACTTC	15-TTGTGACTTC	12.009551	-291.651748	0	T:179.0(0.54%),B:14.2(0.04%),P:1e-126	Tpos:96.7,Tstd:55.0,Bpos:100.1,Bstd:57.9,StrandBias:0.2,Multiplicity:1.27
0.001	0.001	0.001	0.997
0.001	0.001	0.001	0.997
0.001	0.001	0.997	0.001
0.001	0.161	0.001	0.837
0.001	0.001	0.997	0.001
0.997	0.001	0.001	0.001
0.001	0.997	0.001	0.001
0.001	0.001	0.001	0.997
0.001	0.001	0.001	0.997
0.001	0.997	0.001	0.001
>GCGACCGACG	16-GCGACCGACG	9.738624	-286.515945	0	T:118.0(0.35%),B:4.0(0.01%),P:1e-124	Tpos:104.9,Tstd:51.4,Bpos:84.9,Bstd:40.2,StrandBias:0.0,Multiplicity:1.26
0.001	0.001	0.997	0.001
0.001	0.846	0.152	0.001
0.001	0.001	0.997	0.001
0.997	0.001	0.001	0.001
0.001	0.997	0.001	0.001
0.001	0.997	0.001	0.001
0.001	0.001	0.997	0.001
0.997	0.001	0.001	0.001
0.001	0.889	0.001	0.109
0.001	0.001	0.997	0.001
>GTCACTAGGT	17-GTCACTAGGT	12.379185	-279.788769	0	T:116.0(0.35%),B:4.6(0.01%),P:1e-121	Tpos:99.4,Tstd:51.9,Bpos:119.8,Bstd:44.7,StrandBias:-0.5,Multiplicity:1.19
0.233	0.001	0.765	0.001
0.001	0.001	0.001	0.997
0.001	0.997	0.001	0.001
0.997	0.001	0.001	0.001
0.001	0.997	0.001	0.001
0.001	0.001	0.001	0.997
0.997	0.001	0.001	0.001
0.001	0.001	0.997	0.001
0.001	0.001	0.997	0.001
0.001	0.001	0.001	0.997
>GGCTGCTGCT	18-GGCTGCTGCT	8.416132	-260.126397	0	T:2617.0(7.86%),B:1615.6(4.95%),P:1e-112	Tpos:102.3,Tstd:55.3,Bpos:101.2,Bstd:67.2,StrandBias:-0.1,Multiplicity:1.15
0.020	0.223	0.662	0.095
0.091	0.077	0.704	0.128
0.001	0.859	0.001	0.139
0.001	0.001	0.233	0.765
0.073	0.364	0.562	0.001
0.402	0.572	0.025	0.001
0.001	0.001	0.135	0.863
0.198	0.125	0.663	0.014
0.086	0.748	0.047	0.119
0.001	0.001	0.001	0.997
>GACGCTCTAG	19-GACGCTCTAG	9.303932	-222.874928	0	T:159.0(0.48%),B:16.3(0.05%),P:1e-96	Tpos:105.8,Tstd:52.5,Bpos:50.9,Bstd:39.8,StrandBias:0.0,Multiplicity:1.45
0.022	0.001	0.976	0.001
0.997	0.001	0.001	0.001
0.001	0.997	0.001	0.001
0.001	0.001	0.997	0.001
0.001	0.876	0.122	0.001
0.001	0.001	0.001	0.997
0.001	0.997	0.001	0.001
0.017	0.001	0.001	0.981
0.985	0.001	0.001	0.013
0.001	0.001	0.975	0.023
>GTGTRTGTAT	20-GTGTRTGTAT	7.006119	-222.674517	0	T:3846.0(11.55%),B:2684.4(8.23%),P:1e-96	Tpos:101.0,Tstd:58.4,Bpos:101.7,Bstd:57.6,StrandBias:-0.0,Multiplicity:1.31
0.212	0.162	0.401	0.224
0.001	0.186	0.001	0.812
0.278	0.278	0.441	0.003
0.001	0.001	0.001	0.997
0.417	0.005	0.536	0.042
0.001	0.001	0.001	0.997
0.280	0.034	0.518	0.168
0.001	0.001	0.001	0.997
0.600	0.001	0.317	0.082
0.025	0.245	0.001	0.729
>GCCTGACATT	21-GCCTGACATT	10.296193	-220.596079	0	T:90.0(0.27%),B:3.1(0.01%),P:1e-95	Tpos:102.5,Tstd:56.4,Bpos:99.2,Bstd:55.8,StrandBias:-0.4,Multiplicity:1.17
0.100	0.100	0.700	0.100
0.100	0.700	0.100	0.100
0.100	0.700	0.100	0.100
0.100	0.100	0.100	0.700
0.100	0.100	0.700	0.100
0.700	0.100	0.100	0.100
0.100	0.700	0.100	0.100
0.700	0.100	0.100	0.100
0.100	0.100	0.100	0.700
0.100	0.100	0.100	0.700
>ATCCTAACCC	22-ATCCTAACCC	10.296193	-161.577691	0	T:64.0(0.19%),B:2.9(0.01%),P:1e-70	Tpos:93.4,Tstd:49.3,Bpos:116.8,Bstd:27.9,StrandBias:-0.1,Multiplicity:1.16
0.700	0.100	0.100	0.100
0.100	0.100	0.100	0.700
0.100	0.700	0.100	0.100
0.100	0.700	0.100	0.100
0.100	0.100	0.100	0.700
0.700	0.100	0.100	0.100
0.700	0.100	0.100	0.100
0.100	0.700	0.100	0.100
0.100	0.700	0.100	0.100
0.100	0.700	0.100	0.100
>TAGTAGTCGC	23-TAGTAGTCGC	10.756161	-148.953416	0	T:68.0(0.20%),B:3.6(0.01%),P:1e-64	Tpos:100.3,Tstd:50.9,Bpos:76.5,Bstd:39.3,StrandBias:-0.6,Multiplicity:1.48
0.001	0.001	0.179	0.819
0.997	0.001	0.001	0.001
0.001	0.089	0.909	0.001
0.001	0.001	0.089	0.909
0.909	0.001	0.001	0.089
0.351	0.001	0.647	0.001
0.350	0.001	0.001	0.648
0.001	0.997	0.001	0.001
0.001	0.197	0.801	0.001
0.001	0.997	0.001	0.001
>TGTCGAAATC	24-TGTCGAAATC	7.308848	-148.363276	0	T:90.0(0.27%),B:7.8(0.02%),P:1e-64	Tpos:98.1,Tstd:51.3,Bpos:103.5,Bstd:53.1,StrandBias:-0.1,Multiplicity:1.02
0.001	0.001	0.001	0.997
0.091	0.001	0.797	0.111
0.001	0.001	0.001	0.997
0.001	0.997	0.001	0.001
0.001	0.001	0.997	0.001
0.997	0.001	0.001	0.001
0.886	0.001	0.001	0.112
0.997	0.001	0.001	0.001
0.001	0.001	0.001	0.997
0.001	0.881	0.001	0.117
>TTTTGTGTTC	25-TTTTGTGTTC	10.971198	-130.040621	0	T:109.0(0.33%),B:14.6(0.04%),P:1e-56	Tpos:103.5,Tstd:50.7,Bpos:100.6,Bstd:40.1,StrandBias:-1.3,Multiplicity:1.47
0.001	0.001	0.001	0.997
0.001	0.001	0.001	0.997
0.001	0.001	0.001	0.997
0.001	0.001	0.001	0.997
0.001	0.001	0.997	0.001
0.001	0.057	0.001	0.941
0.001	0.001	0.997	0.001
0.001	0.001	0.001	0.997
0.001	0.001	0.001	0.997
0.001	0.997	0.001	0.001
>RRGGGGCGGGGC	1-RRGGGGCGGGGC	9.232100	-2541.154599	0	T:3694.0(11.09%),B:885.8(2.71%),P:1e-1103	Tpos:101.3,Tstd:50.8,Bpos:100.8,Bstd:62.4,StrandBias:-0.1,Multiplicity:1.47
0.488	0.080	0.366	0.066
0.420	0.088	0.470	0.022
0.121	0.014	0.642	0.223
0.145	0.009	0.845	0.001
0.001	0.001	0.997	0.001
0.001	0.001	0.997	0.001
0.065	0.907	0.001	0.027
0.001	0.006	0.992	0.001
0.003	0.006	0.672	0.319
0.176	0.006	0.811	0.007
0.030	0.024	0.916	0.030
0.085	0.789	0.001	0.125
>BCYGATTGGCYG	2-BCYGATTGGCYG	8.019165	-1756.199579	0	T:3362.0(10.10%),B:1001.5(3.07%),P:1e-762	Tpos:102.7,Tstd:48.6,Bpos:100.4,Bstd:61.0,StrandBias:-0.1,Multiplicity:1.37
0.119	0.313	0.256	0.312
0.055	0.433	0.252	0.260
0.007	0.400	0.169	0.423
0.023	0.276	0.480	0.222
0.970	0.004	0.005	0.021
0.007	0.041	0.029	0.923
0.031	0.001	0.001	0.967
0.004	0.006	0.987	0.003
0.003	0.003	0.987	0.007
0.165	0.495	0.132	0.208
0.086	0.368	0.172	0.375
0.226	0.174	0.472	0.128
>NAWTTCYNRGAA	3-NAWTTCYNRGAA	7.752025	-1551.192857	0	T:2909.0(8.74%),B:849.4(2.60%),P:1e-673	Tpos:99.8,Tstd:50.5,Bpos:100.2,Bstd:59.5,StrandBias:-0.0,Multiplicity:1.10
0.211	0.277	0.280	0.232
0.392	0.213	0.166	0.229
0.274	0.231	0.112	0.383
0.001	0.062	0.001	0.936
0.001	0.003	0.001	0.995
0.001	0.997	0.001	0.001
0.001	0.519	0.001	0.479
0.259	0.254	0.233	0.254
0.456	0.001	0.542	0.001
0.001	0.001	0.997	0.001
0.964	0.015	0.020	0.001
0.997	0.001	0.001	0.001
>SYGCGCATGCGC	4-SYGCGCATGCGC	10.667405	-1335.366125	0	T:1229.0(3.69%),B:176.5(0.54%),P:1e-579	Tpos:99.6,Tstd:51.4,Bpos:99.1,Bstd:67.8,StrandBias:-0.0,Multiplicity:1.20
0.177	0.340	0.299	0.183
0.079	0.298	0.188	0.436
0.066	0.033	0.900	0.001
0.106	0.872	0.007	0.015
0.011	0.014	0.974	0.001
0.001	0.995	0.001	0.003
0.884	0.094	0.016	0.006
0.005	0.027	0.092	0.876
0.003	0.004	0.991	0.002
0.002	0.971	0.012	0.015
0.021	0.012	0.870	0.097
0.001	0.895	0.030	0.074
>TCCACACAGRAG	5-TCCACACAGRAG	12.606207	-983.664475	0	T:223.0(0.67%),B:1.9(0.01%),P:1e-427	Tpos:106.2,Tstd:50.5,Bpos:91.2,Bstd:6.8,StrandBias:0.7,Multiplicity:1.62
0.001	0.001	0.001	0.997
0.001	0.997	0.001	0.001
0.001	0.931	0.001	0.067
0.997	0.001	0.001	0.001
0.001	0.832	0.001	0.166
0.931	0.067	0.001	0.001
0.001	0.997	0.001	0.001
0.997	0.001	0.001	0.001
0.001	0.067	0.931	0.001
0.377	0.001	0.424	0.198
0.997	0.001	0.001	0.001
0.068	0.001	0.884	0.047
>TGCCAGCATTRT	6-TGCCAGCATTRT	14.996945	-962.117230	0	T:219.0(0.66%),B:1.9(0.01%),P:1e-417	Tpos:101.5,Tstd:53.9,Bpos:142.8,Bstd:44.5,StrandBias:0.6,Multiplicity:1.64
0.001	0.034	0.001	0.964
0.034	0.001	0.964	0.001
0.001	0.929	0.035	0.035
0.001	0.964	0.034	0.001
0.827	0.035	0.103	0.035
0.001	0.001	0.964	0.034
0.001	0.835	0.102	0.062
0.826	0.001	0.172	0.001
0.001	0.014	0.001	0.984
0.001	0.001	0.001	0.997
0.434	0.001	0.564	0.001
0.001	0.001	0.001	0.997
>TTTGTATGGCTT	7-TTTGTATGGCTT	13.811301	-956.741832	0	T:218.0(0.65%),B:1.1(0.00%),P:1e-415	Tpos:103.2,Tstd:51.7,Bpos:88.0,Bstd:0.0,StrandBias:-0.7,Multiplicity:1.63
0.001	0.004	0.001	0.994
0.001	0.006	0.001	0.992
0.001	0.001	0.001	0.997
0.006	0.001	0.992	0.001
0.007	0.001	0.001	0.991
0.934	0.001	0.064	0.001
0.004	0.002	0.009	0.985
0.001	0.001	0.997	0.001
0.001	0.001	0.997	0.001
0.003	0.986	0.001	0.010
0.001	0.001	0.001	0.997
0.001	0.001	0.001	0.997
>GVSTGACGTSAC	8-GVSTGACGTSAC	8.153538	-945.235478	0	T:1467.0(4.41%),B:364.0(1.12%),P:1e-410	Tpos:101.0,Tstd:49.4,Bpos:98.2,Bstd:59.2,StrandBias:-0.0,Multiplicity:1.13
0.159	0.246	0.472	0.122
0.289	0.231	0.316	0.164
0.162	0.370	0.413	0.055
0.044	0.138	0.034	0.784
0.002	0.394	0.568	0.036
0.957	0.001	0.040	0.002
0.160	0.625	0.136	0.079
0.187	0.021	0.784	0.008
0.001	0.017	0.001	0.981
0.008	0.557	0.434	0.001
0.842	0.022	0.109	0.027
0.068	0.584	0.204	0.144
>AAAACATTTCCC	9-AAAACATTTCCC	12.066020	-866.082678	0	T:201.0(0.60%),B:1.6(0.01%),P:1e-376	Tpos:100.9,Tstd:55.8,Bpos:58.1,Bstd:35.5,StrandBias:-0.3,Multiplicity:1.48
0.740	0.001	0.001	0.258
0.518	0.273	0.001	0.208
0.853	0.001	0.001	0.145
0.870	0.001	0.001	0.128
0.001	0.880	0.118	0.001
0.841	0.001	0.157	0.001
0.001	0.001	0.178	0.820
0.170	0.122	0.001	0.707
0.001	0.001	0.179	0.819
0.345	0.653	0.001	0.001
0.001	0.997	0.001	0.001
0.001	0.853	0.145	0.001
>TAGTGATACATM	10-TAGTGATACATM	11.212126	-866.082678	0	T:201.0(0.60%),B:1.3(0.00%),P:1e-376	Tpos:101.0,Tstd:50.6,Bpos:124.6,Bstd:46.6,StrandBias:-0.1,Multiplicity:1.33
0.046	0.121	0.039	0.794
0.882	0.024	0.037	0.057
0.057	0.070	0.811	0.062
0.062	0.021	0.363	0.554
0.340	0.048	0.561	0.051
0.880	0.039	0.033	0.048
0.147	0.129	0.051	0.673
0.793	0.048	0.057	0.102
0.050	0.872	0.043	0.035
0.897	0.037	0.026	0.040
0.037	0.109	0.049	0.805
0.340	0.477	0.054	0.129
>CAGGAATACATA	11-CAGGAATACATA	10.700684	-761.283957	0	T:181.0(0.54%),B:1.8(0.01%),P:1e-330	Tpos:102.5,Tstd:52.0,Bpos:86.6,Bstd:45.7,StrandBias:0.3,Multiplicity:1.61
0.001	0.997	0.001	0.001
0.997	0.001	0.001	0.001
0.012	0.001	0.984	0.003
0.001	0.008	0.934	0.057
0.973	0.001	0.001	0.025
0.997	0.001	0.001	0.001
0.001	0.001	0.001	0.997
0.997	0.001	0.001	0.001
0.004	0.994	0.001	0.001
0.997	0.001	0.001	0.001
0.001	0.001	0.001	0.997
0.997	0.001	0.001	0.001
>GTTAATGATTAA	12-GTTAATGATTAA	8.162951	-745.996339	0	T:864.0(2.59%),B:161.7(0.50%),P:1e-323	Tpos:100.8,Tstd:52.4,Bpos:97.7,Bstd:56.0,StrandBias:0.0,Multiplicity:1.04
0.107	0.077	0.699	0.117
0.068	0.064	0.061	0.807
0.085	0.089	0.097	0.729
0.792	0.048	0.050	0.110
0.786	0.065	0.047	0.102
0.160	0.020	0.076	0.744
0.101	0.178	0.623	0.098
0.765	0.047	0.063	0.125
0.073	0.071	0.127	0.729
0.065	0.050	0.121	0.764
0.744	0.092	0.082	0.082
0.821	0.075	0.049	0.055
>ACTACAAYTCCC	13-ACTACAAYTCCC	9.931955	-634.969850	0	T:1945.0(5.84%),B:766.0(2.35%),P:1e-275	Tpos:103.1,Tstd:53.9,Bpos:99.9,Bstd:60.2,StrandBias:-0.0,Multiplicity:1.26
0.832	0.062	0.007	0.099
0.010	0.977	0.007	0.006
0.006	0.034	0.006	0.954
0.613	0.223	0.034	0.130
0.005	0.985	0.004	0.006
0.757	0.056	0.177	0.010
0.621	0.087	0.060	0.232
0.109	0.339	0.082	0.470
0.041	0.096	0.021	0.842
0.003	0.990	0.003	0.004
0.004	0.984	0.002	0.010
0.011	0.978	0.002	0.009
>AATGGGACASTM	14-AATGGGACASTM	12.265691	-461.386738	0	T:121.0(0.36%),B:1.7(0.01%),P:1e-200	Tpos:104.0,Tstd:53.9,Bpos:91.6,Bstd:48.4,StrandBias:-0.4,Multiplicity:1.50
0.913	0.009	0.004	0.074
0.703	0.128	0.164	0.005
0.013	0.013	0.082	0.892
0.232	0.004	0.747	0.017
0.031	0.001	0.950	0.018
0.028	0.005	0.945	0.022
0.722	0.225	0.049	0.004
0.009	0.969	0.005	0.017
0.946	0.004	0.023	0.027
0.107	0.322	0.395	0.177
0.014	0.057	0.027	0.902
0.412	0.450	0.001	0.137
>CAATCCATCAGG	15-CAATCCATCAGG	12.188220	-451.836651	0	T:119.0(0.36%),B:1.4(0.00%),P:1e-196	Tpos:100.1,Tstd:52.3,Bpos:83.1,Bstd:7.2,StrandBias:-0.2,Multiplicity:1.51
0.001	0.941	0.001	0.057
0.997	0.001	0.001	0.001
0.997	0.001	0.001	0.001
0.001	0.001	0.001	0.997
0.001	0.842	0.119	0.038
0.001	0.983	0.001	0.015
0.684	0.001	0.001	0.314
0.001	0.001	0.001	0.997
0.001	0.997	0.001	0.001
0.849	0.001	0.001	0.149
0.001	0.001	0.948	0.050
0.001	0.001	0.997	0.001
>TCRTACCRATTG	16-TCRTACCRATTG	10.893494	-449.199835	0	T:138.0(0.41%),B:2.3(0.01%),P:1e-195	Tpos:102.8,Tstd:51.4,Bpos:7.0,Bstd:0.0,StrandBias:-0.3,Multiplicity:1.58
0.009	0.011	0.011	0.969
0.009	0.967	0.011	0.013
0.493	0.015	0.436	0.056
0.047	0.011	0.011	0.931
0.929	0.013	0.049	0.009
0.019	0.923	0.028	0.030
0.032	0.901	0.032	0.035
0.393	0.038	0.454	0.115
0.881	0.015	0.019	0.085
0.161	0.119	0.044	0.676
0.021	0.013	0.013	0.953
0.028	0.025	0.928	0.019
>GAGAGTCAGGGA	17-GAGAGTCAGGGA	12.097940	-436.567662	0	T:135.0(0.41%),B:2.9(0.01%),P:1e-189	Tpos:102.5,Tstd:52.7,Bpos:108.4,Bstd:24.3,StrandBias:0.4,Multiplicity:1.50
0.001	0.001	0.985	0.013
0.997	0.001	0.001	0.001
0.001	0.007	0.991	0.001
0.997	0.001	0.001	0.001
0.001	0.001	0.997	0.001
0.001	0.001	0.001	0.997
0.005	0.993	0.001	0.001
0.997	0.001	0.001	0.001
0.001	0.001	0.948	0.050
0.027	0.002	0.969	0.002
0.071	0.001	0.927	0.001
0.997	0.001	0.001	0.001
>CCGATTTCGATA	18-CCGATTTCGATA	11.020894	-395.262165	0	T:107.0(0.32%),B:1.4(0.00%),P:1e-171	Tpos:98.3,Tstd:50.2,Bpos:83.0,Bstd:6.8,StrandBias:-0.3,Multiplicity:1.04
0.023	0.880	0.001	0.096
0.071	0.775	0.035	0.119
0.072	0.117	0.787	0.024
0.905	0.047	0.024	0.024
0.024	0.024	0.024	0.928
0.011	0.001	0.047	0.941
0.024	0.047	0.012	0.917
0.035	0.777	0.093	0.095
0.062	0.175	0.633	0.130
0.848	0.058	0.035	0.059
0.047	0.070	0.047	0.836
0.812	0.082	0.059	0.047
>GMTCTCGCGAGA	19-GMTCTCGCGAGA	9.928626	-382.664161	0	T:197.0(0.59%),B:11.9(0.04%),P:1e-166	Tpos:102.6,Tstd:46.9,Bpos:97.6,Bstd:58.2,StrandBias:-0.0,Multiplicity:1.24
0.292	0.238	0.443	0.027
0.269	0.412	0.179	0.140
0.003	0.091	0.008	0.898
0.048	0.944	0.003	0.005
0.003	0.024	0.010	0.963
0.005	0.975	0.015	0.005
0.003	0.010	0.982	0.005
0.012	0.970	0.013	0.005
0.005	0.008	0.980	0.007
0.946	0.013	0.036	0.005
0.002	0.003	0.969	0.026
0.947	0.008	0.038	0.007
>CTCTCTCTCTCB	20-CTCTCTCTCTCB	6.765975	-376.233124	0	T:6563.0(19.71%),B:4645.6(14.23%),P:1e-163	Tpos:101.0,Tstd:56.0,Bpos:100.1,Bstd:68.3,StrandBias:0.0,Multiplicity:1.25
0.088	0.541	0.226	0.145
0.074	0.246	0.222	0.458
0.051	0.786	0.151	0.012
0.036	0.021	0.214	0.729
0.013	0.949	0.010	0.028
0.033	0.021	0.156	0.790
0.032	0.752	0.111	0.105
0.022	0.025	0.219	0.734
0.144	0.727	0.126	0.003
0.044	0.023	0.172	0.761
0.057	0.495	0.329	0.119
0.127	0.287	0.243	0.343
>AGCAGCAGCAGC	21-AGCAGCAGCAGC	9.881797	-234.957210	0	T:1852.0(5.56%),B:1065.6(3.27%),P:1e-102	Tpos:102.5,Tstd:55.4,Bpos:103.4,Bstd:67.4,StrandBias:0.0,Multiplicity:1.14
0.763	0.083	0.098	0.056
0.016	0.163	0.750	0.071
0.114	0.610	0.267	0.009
0.997	0.001	0.001	0.001
0.033	0.130	0.836	0.001
0.005	0.948	0.034	0.013
0.954	0.022	0.001	0.023
0.023	0.063	0.713	0.201
0.025	0.846	0.065	0.064
0.983	0.001	0.010	0.006
0.058	0.054	0.852	0.036
0.174	0.559	0.226	0.041
>CCATTTTGTGTT	22-CCATTTTGTGTT	13.668615	-230.138542	0	T:108.0(0.32%),B:5.8(0.02%),P:1e-99	Tpos:94.1,Tstd:47.8,Bpos:102.4,Bstd:29.9,StrandBias:-0.8,Multiplicity:1.77
0.001	0.997	0.001	0.001
0.001	0.994	0.001	0.004
0.994	0.001	0.004	0.001
0.001	0.001	0.001	0.997
0.001	0.001	0.001	0.997
0.001	0.001	0.001	0.997
0.001	0.001	0.001	0.997
0.001	0.001	0.997	0.001
0.001	0.001	0.072	0.926
0.001	0.001	0.997	0.001
0.001	0.257	0.001	0.741
0.001	0.001	0.001	0.997
>CTACTAAGGGYC	23-CTACTAAGGGYC	11.324726	-211.378363	0	T:78.0(0.23%),B:3.0(0.01%),P:1e-91	Tpos:99.3,Tstd:48.7,Bpos:106.4,Bstd:71.1,StrandBias:0.8,Multiplicity:1.63
0.001	0.698	0.001	0.300
0.001	0.004	0.025	0.970
0.917	0.005	0.053	0.025
0.025	0.769	0.029	0.177
0.050	0.001	0.029	0.920
0.768	0.181	0.050	0.001
0.995	0.001	0.001	0.003
0.101	0.051	0.817	0.031
0.103	0.001	0.895	0.001
0.051	0.005	0.889	0.055
0.051	0.520	0.001	0.428
0.025	0.753	0.078	0.144
>ACACACACACAC	24-ACACACACACAC	9.181023	-158.656150	0	T:1431.0(4.30%),B:855.0(2.62%),P:1e-68	Tpos:102.4,Tstd:57.2,Bpos:101.2,Bstd:54.3,StrandBias:0.0,Multiplicity:1.20
0.788	0.005	0.128	0.079
0.146	0.514	0.013	0.327
0.971	0.001	0.024	0.004
0.188	0.531	0.007	0.274
0.997	0.001	0.001	0.001
0.080	0.660	0.024	0.236
0.997	0.001	0.001	0.001
0.115	0.634	0.030	0.221
0.970	0.001	0.028	0.001
0.117	0.502	0.127	0.254
0.904	0.019	0.059	0.018
0.073	0.506	0.151	0.270
>GGAGAATCATTC	25-GGAGAATCATTC	13.189374	-148.419955	0	T:80.0(0.24%),B:5.1(0.02%),P:1e-64	Tpos:100.5,Tstd:53.3,Bpos:103.0,Bstd:63.7,StrandBias:0.7,Multiplicity:2.80
0.001	0.001	0.997	0.001
0.001	0.209	0.789	0.001
0.997	0.001	0.001	0.001
0.001	0.001	0.997	0.001
0.997	0.001	0.001	0.001
0.997	0.001	0.001	0.001
0.242	0.045	0.190	0.523
0.001	0.827	0.171	0.001
0.997	0.001	0.001	0.001
0.004	0.001	0.001	0.994
0.001	0.001	0.001	0.997
0.001	0.997	0.001	0.001
>GGCGGGGC	1-GGCGGGGC	8.391320	-1758.776977	0	T:3806.0(11.43%),B:1240.7(3.80%),P:1e-763	Tpos:100.9,Tstd:51.6,Bpos:101.0,Bstd:63.8,StrandBias:-0.1,Multiplicity:1.45
0.001	0.001	0.997	0.001
0.001	0.001	0.997	0.001
0.001	0.997	0.001	0.001
0.001	0.001	0.997	0.001
0.001	0.001	0.646	0.352
0.110	0.001	0.888	0.001
0.037	0.001	0.961	0.001
0.001	0.997	0.001	0.001
>CCAATCAG	2-CCAATCAG	7.213845	-1387.377498	0	T:2096.0(6.29%),B:510.9(1.57%),P:1e-602	Tpos:102.0,Tstd:49.8,Bpos:99.4,Bstd:62.8,StrandBias:0.2,Multiplicity:1.24
0.001	0.997	0.001	0.001
0.001	0.997	0.001	0.001
0.997	0.001	0.001	0.001
0.997	0.001	0.001	0.001
0.001	0.001	0.001	0.997
0.001	0.997	0.001	0.001
0.787	0.001	0.211	0.001
0.001	0.100	0.898	0.001
>GGGCGGGG	3-GGGCGGGG	7.492029	-1124.036524	0	T:7235.0(21.73%),B:4051.6(12.41%),P:1e-488	Tpos:100.1,Tstd:56.5,Bpos:101.8,Bstd:58.5,StrandBias:-0.1,Multiplicity:1.21
0.001	0.001	0.997	0.001
0.001	0.001	0.997	0.001
0.001	0.001	0.997	0.001
0.163	0.835	0.001	0.001
0.001	0.001	0.997	0.001
0.001	0.001	0.867	0.131
0.001	0.001	0.997	0.001
0.254	0.106	0.639	0.001
>GCGCATGC	4-GCGCATGC	8.704862	-919.747380	0	T:1620.0(4.86%),B:445.7(1.37%),P:1e-399	Tpos:100.8,Tstd:52.2,Bpos:101.9,Bstd:68.5,StrandBias:-0.0,Multiplicity:1.23
0.001	0.001	0.997	0.001
0.001	0.997	0.001	0.001
0.001	0.001	0.997	0.001
0.001	0.997	0.001	0.001
0.997	0.001	0.001	0.001
0.001	0.001	0.094	0.904
0.001	0.001	0.997	0.001
0.001	0.997	0.001	0.001
>CTATTGGC	5-CTATTGGC	5.757349	-912.953470	0	T:7341.0(22.04%),B:4394.3(13.46%),P:1e-396	Tpos:100.8,Tstd:53.4,Bpos:99.5,Bstd:60.5,StrandBias:-0.1,Multiplicity:1.18
0.074	0.632	0.134	0.160
0.118	0.166	0.185	0.531
0.752	0.073	0.125	0.050
0.057	0.031	0.069	0.843
0.047	0.045	0.119	0.789
0.040	0.010	0.865	0.085
0.118	0.070	0.800	0.012
0.048	0.789	0.030	0.133
>TGAGCCAA	6-TGAGCCAA	5.503697	-777.548098	0	T:11295.0(33.92%),B:7936.8(24.32%),P:1e-337	Tpos:99.5,Tstd:55.9,Bpos:100.3,Bstd:60.9,StrandBias:0.0,Multiplicity:1.19
0.042	0.172	0.088	0.698
0.116	0.112	0.707	0.065
0.835	0.024	0.046	0.095
0.044	0.166	0.688	0.102
0.029	0.678	0.222	0.071
0.130	0.711	0.100	0.059
0.861	0.059	0.061	0.019
0.823	0.043	0.132	0.002
>TGACGTCA	7-TGACGTCA	8.236954	-682.286970	0	T:818.0(2.46%),B:158.4(0.49%),P:1e-296	Tpos:101.5,Tstd:48.1,Bpos:101.2,Bstd:63.2,StrandBias:0.0,Multiplicity:1.06
0.100	0.100	0.100	0.700
0.100	0.100	0.700	0.100
0.700	0.100	0.100	0.100
0.100	0.700	0.100	0.100
0.100	0.100	0.700	0.100
0.100	0.100	0.100	0.700
0.100	0.700	0.100	0.100
0.700	0.100	0.100	0.100
>TTCYDGGA	8-TTCYDGGA	8.237330	-666.856083	0	T:3776.0(11.34%),B:1973.8(6.05%),P:1e-289	Tpos:100.5,Tstd:52.9,Bpos:100.2,Bstd:59.5,StrandBias:-0.0,Multiplicity:1.15
0.001	0.102	0.001	0.896
0.001	0.082	0.001	0.916
0.001	0.997	0.001	0.001
0.043	0.441	0.009	0.507
0.341	0.076	0.289	0.293
0.255	0.105	0.639	0.001
0.023	0.179	0.755	0.043
0.997	0.001	0.001	0.001
>GTGAGTCA	9-GTGAGTCA	6.604098	-516.890023	0	T:2481.0(7.45%),B:1207.2(3.70%),P:1e-224	Tpos:101.3,Tstd:51.9,Bpos:99.2,Bstd:63.7,StrandBias:-0.0,Multiplicity:1.13
0.281	0.135	0.527	0.057
0.141	0.045	0.022	0.792
0.017	0.110	0.799	0.074
0.790	0.104	0.063	0.043
0.118	0.331	0.516	0.035
0.070	0.091	0.038	0.801
0.046	0.920	0.016	0.018
0.854	0.106	0.034	0.006
>CCGGAAAT	10-CCGGAAAT	7.753399	-457.184123	0	T:1413.0(4.24%),B:557.5(1.71%),P:1e-198	Tpos:100.6,Tstd:54.4,Bpos:102.1,Bstd:60.9,StrandBias:0.0,Multiplicity:1.19
0.143	0.785	0.001	0.071
0.001	0.783	0.215	0.001
0.001	0.001	0.997	0.001
0.071	0.001	0.771	0.157
0.591	0.001	0.319	0.089
0.997	0.001	0.001	0.001
0.624	0.067	0.308	0.001
0.001	0.230	0.001	0.768
>TRTTTGCM	11-TRTTTGCM	7.480412	-438.584122	0	T:3838.0(11.52%),B:2298.5(7.04%),P:1e-190	Tpos:100.4,Tstd:55.5,Bpos:100.5,Bstd:59.2,StrandBias:0.0,Multiplicity:1.10
0.001	0.001	0.001	0.997
0.511	0.001	0.487	0.001
0.001	0.001	0.001	0.997
0.001	0.001	0.001	0.997
0.001	0.001	0.001	0.997
0.371	0.001	0.627	0.001
0.001	0.997	0.001	0.001
0.475	0.372	0.001	0.152
>STTGGCAA	12-STTGGCAA	7.020971	-411.899736	0	T:5651.0(16.97%),B:3803.5(11.65%),P:1e-178	Tpos:101.5,Tstd:53.3,Bpos:98.6,Bstd:59.8,StrandBias:0.0,Multiplicity:1.13
0.145	0.379	0.364	0.111
0.001	0.331	0.001	0.667
0.001	0.001	0.001	0.997
0.155	0.001	0.843	0.001
0.001	0.259	0.739	0.001
0.001	0.997	0.001	0.001
0.997	0.001	0.001	0.001
0.735	0.114	0.150	0.001
>VGMGMGMG	13-VGMGMGMG	6.047519	-377.890822	0	T:11027.0(33.11%),B:8599.2(26.35%),P:1e-164	Tpos:101.2,Tstd:56.1,Bpos:99.3,Bstd:69.9,StrandBias:-0.0,Multiplicity:1.75
0.271	0.256	0.379	0.094
0.001	0.148	0.739	0.112
0.404	0.396	0.058	0.143
0.024	0.001	0.971	0.004
0.383	0.392	0.224	0.001
0.030	0.001	0.968	0.001
0.490	0.508	0.001	0.001
0.123	0.066	0.789	0.022
>CACGTGAC	14-CACGTGAC	8.410062	-373.196691	0	T:693.0(2.08%),B:197.9(0.61%),P:1e-162	Tpos:103.0,Tstd:51.5,Bpos:102.0,Bstd:64.0,StrandBias:0.0,Multiplicity:1.13
0.001	0.997	0.001	0.001
0.997	0.001	0.001	0.001
0.001	0.997	0.001	0.001
0.001	0.001	0.997	0.001
0.001	0.001	0.001	0.997
0.001	0.001	0.997	0.001
0.997	0.001	0.001	0.001
0.001	0.928	0.001	0.070
>TGTCGACT	15-TGTCGACT	6.088820	-269.726232	0	T:1396.0(4.19%),B:695.5(2.13%),P:1e-117	Tpos:101.5,Tstd:54.5,Bpos:99.4,Bstd:60.3,StrandBias:-0.1,Multiplicity:1.20
0.001	0.001	0.001	0.997
0.001	0.001	0.948	0.050
0.001	0.001	0.001	0.997
0.001	0.861	0.137	0.001
0.001	0.001	0.997	0.001
0.997	0.001	0.001	0.001
0.001	0.997	0.001	0.001
0.001	0.001	0.001	0.997
>AATGATTA	16-AATGATTA	6.756951	-268.804300	0	T:2789.0(8.37%),B:1736.0(5.32%),P:1e-116	Tpos:99.5,Tstd:56.0,Bpos:102.2,Bstd:59.3,StrandBias:0.0,Multiplicity:1.18
0.879	0.042	0.039	0.040
0.828	0.064	0.038	0.070
0.136	0.060	0.093	0.711
0.004	0.251	0.711	0.034
0.534	0.039	0.104	0.323
0.104	0.013	0.009	0.874
0.020	0.042	0.009	0.929
0.532	0.136	0.157	0.175
>TTAGAACG	17-TTAGAACG	7.612890	-258.438798	0	T:802.0(2.41%),B:316.2(0.97%),P:1e-112	Tpos:103.1,Tstd:50.7,Bpos:89.9,Bstd:63.4,StrandBias:0.1,Multiplicity:1.16
0.001	0.205	0.001	0.793
0.264	0.001	0.001	0.734
0.802	0.196	0.001	0.001
0.001	0.001	0.997	0.001
0.997	0.001	0.001	0.001
0.656	0.069	0.274	0.001
0.001	0.997	0.001	0.001
0.001	0.001	0.997	0.001
>ATTGTGGG	18-ATTGTGGG	8.236954	-225.687214	0	T:558.0(1.68%),B:193.7(0.59%),P:1e-98	Tpos:100.0,Tstd:56.6,Bpos:93.2,Bstd:57.2,StrandBias:0.2,Multiplicity:1.29
0.700	0.100	0.100	0.100
0.100	0.100	0.100	0.700
0.100	0.100	0.100	0.700
0.100	0.100	0.700	0.100
0.100	0.100	0.100	0.700
0.100	0.100	0.700	0.100
0.100	0.100	0.700	0.100
0.100	0.100	0.700	0.100
>TCTCGCGA	19-TCTCGCGA	8.236954	-225.319276	0	T:226.0(0.68%),B:36.4(0.11%),P:1e-97	Tpos:101.8,Tstd:49.5,Bpos:110.8,Bstd:70.6,StrandBias:0.0,Multiplicity:1.24
0.100	0.100	0.100	0.700
0.100	0.700	0.100	0.100
0.100	0.100	0.100	0.700
0.100	0.700	0.100	0.100
0.100	0.100	0.700	0.100
0.100	0.700	0.100	0.100
0.100	0.100	0.700	0.100
0.700	0.100	0.100	0.100
>CTCTATGG	20-CTCTATGG	7.663349	-220.504754	0	T:853.0(2.56%),B:375.6(1.15%),P:1e-95	Tpos:103.4,Tstd:54.6,Bpos:103.6,Bstd:64.7,StrandBias:-0.0,Multiplicity:1.15
0.001	0.997	0.001	0.001
0.001	0.001	0.001	0.997
0.001	0.997	0.001	0.001
0.001	0.001	0.001	0.997
0.997	0.001	0.001	0.001
0.001	0.053	0.001	0.945
0.001	0.035	0.963	0.001
0.001	0.001	0.997	0.001
>ATACACAC	21-ATACACAC	5.772853	-220.418208	0	T:6998.0(21.01%),B:5427.2(16.63%),P:1e-95	Tpos:101.3,Tstd:57.8,Bpos:100.7,Bstd:57.9,StrandBias:0.0,Multiplicity:1.41
0.781	0.007	0.157	0.055
0.085	0.168	0.060	0.687
0.860	0.081	0.013	0.046
0.086	0.771	0.044	0.099
0.955	0.013	0.023	0.009
0.130	0.532	0.045	0.293
0.906	0.029	0.050	0.015
0.033	0.509	0.309	0.149
>AACGTTCC	22-AACGTTCC	6.574103	-189.317470	0	T:1960.0(5.89%),B:1215.8(3.73%),P:1e-82	Tpos:100.0,Tstd:55.8,Bpos:99.2,Bstd:59.6,StrandBias:-0.0,Multiplicity:1.08
0.807	0.012	0.141	0.040
0.890	0.045	0.039	0.026
0.001	0.831	0.122	0.046
0.033	0.001	0.921	0.045
0.001	0.076	0.017	0.906
0.009	0.001	0.001	0.989
0.007	0.900	0.043	0.050
0.011	0.844	0.068	0.077
>CACTAGGT	23-CACTAGGT	8.236954	-163.323811	0	T:290.0(0.87%),B:80.7(0.25%),P:1e-70	Tpos:98.8,Tstd:52.8,Bpos:100.9,Bstd:59.2,StrandBias:-0.3,Multiplicity:1.20
0.100	0.700	0.100	0.100
0.700	0.100	0.100	0.100
0.100	0.700	0.100	0.100
0.100	0.100	0.100	0.700
0.700	0.100	0.100	0.100
0.100	0.100	0.700	0.100
0.100	0.100	0.700	0.100
0.100	0.100	0.100	0.700
>TTGTGACT	24-TTGTGACT	9.291466	-134.860924	0	T:516.0(1.55%),B:226.6(0.69%),P:1e-58	Tpos:95.1,Tstd:55.0,Bpos:99.9,Bstd:61.3,StrandBias:-0.0,Multiplicity:1.14
0.001	0.001	0.001	0.997
0.001	0.001	0.001	0.997
0.001	0.001	0.997	0.001
0.001	0.169	0.001	0.829
0.001	0.001	0.997	0.001
0.997	0.001	0.001	0.001
0.001	0.997	0.001	0.001
0.001	0.001	0.001	0.997
>TGCTGCTG	25-TGCTGCTG	11.020132	-90.737662	0	T:1994.0(5.99%),B:1443.6(4.42%),P:1e-39	Tpos:102.8,Tstd:56.9,Bpos:102.5,Bstd:65.8,StrandBias:0.0,Multiplicity:1.11
0.001	0.001	0.001	0.997
0.001	0.001	0.997	0.001
0.001	0.997	0.001	0.001
0.001	0.001	0.001	0.997
0.001	0.001	0.997	0.001
0.001	0.997	0.001	0.001
0.001	0.001	0.001	0.997
0.046	0.001	0.952	0.001
