>RGCCCCGCCC	1-RGCCCCGCCC	8.809839	-2981.742779	0	T:4324.0(9.59%),B:1033.6(2.33%),P:1e-1294	Tpos:103.3,Tstd:46.7,Bpos:100.3,Bstd:60.5,StrandBias:0.0,Multiplicity:1.51
0.420	0.172	0.335	0.072
0.113	0.001	0.750	0.136
0.284	0.476	0.056	0.185
0.001	0.830	0.001	0.168
0.285	0.713	0.001	0.001
0.001	0.997	0.001	0.001
0.001	0.001	0.882	0.116
0.001	0.997	0.001	0.001
0.001	0.997	0.001	0.001
0.001	0.591	0.001	0.407
>CYGATTGGYY	2-CYGATTGGYY	7.933673	-1906.821595	0	T:3328.0(7.38%),B:920.5(2.07%),P:1e-828	Tpos:102.3,Tstd:46.4,Bpos:104.3,Bstd:59.2,StrandBias:-0.0,Multiplicity:1.31
0.071	0.646	0.229	0.054
0.010	0.427	0.130	0.433
0.076	0.099	0.622	0.203
0.889	0.063	0.043	0.005
0.036	0.023	0.001	0.940
0.015	0.020	0.001	0.964
0.008	0.011	0.978	0.003
0.001	0.018	0.980	0.001
0.180	0.416	0.104	0.299
0.088	0.422	0.118	0.371
>CCAYCTAGTG	3-CCAYCTAGTG	8.113673	-1370.440358	0	T:2505.0(5.56%),B:713.7(1.61%),P:1e-595	Tpos:104.7,Tstd:43.6,Bpos:101.9,Bstd:58.6,StrandBias:-0.0,Multiplicity:1.03
0.001	0.997	0.001	0.001
0.001	0.997	0.001	0.001
0.644	0.354	0.001	0.001
0.001	0.457	0.001	0.541
0.001	0.997	0.001	0.001
0.001	0.001	0.001	0.997
0.555	0.001	0.330	0.114
0.001	0.084	0.914	0.001
0.001	0.277	0.001	0.721
0.001	0.001	0.997	0.001
>CGCATGCGCA	4-CGCATGCGCA	10.094989	-1300.012016	0	T:1355.0(3.00%),B:226.0(0.51%),P:1e-564	Tpos:102.1,Tstd:49.7,Bpos:91.3,Bstd:75.9,StrandBias:0.0,Multiplicity:1.21
0.050	0.943	0.006	0.001
0.013	0.001	0.985	0.001
0.001	0.996	0.001	0.002
0.926	0.044	0.022	0.008
0.001	0.001	0.026	0.972
0.001	0.002	0.996	0.001
0.001	0.993	0.001	0.005
0.001	0.001	0.966	0.032
0.001	0.984	0.003	0.012
0.621	0.156	0.195	0.028
>YNYYTGCCAA	5-YNYYTGCCAA	6.510395	-1143.326210	0	T:12154.0(26.95%),B:7935.6(17.86%),P:1e-496	Tpos:101.8,Tstd:51.9,Bpos:99.0,Bstd:59.3,StrandBias:0.0,Multiplicity:1.19
0.197	0.251	0.186	0.366
0.251	0.243	0.254	0.252
0.048	0.376	0.211	0.365
0.001	0.336	0.204	0.459
0.276	0.001	0.184	0.539
0.001	0.001	0.997	0.001
0.001	0.624	0.374	0.001
0.164	0.834	0.001	0.001
0.997	0.001	0.001	0.001
0.730	0.001	0.268	0.001
>DGTGACGTCA	6-DGTGACGTCA	7.945201	-1017.793126	0	T:1753.0(3.89%),B:474.8(1.07%),P:1e-442	Tpos:102.2,Tstd:46.4,Bpos:103.0,Bstd:58.2,StrandBias:0.0,Multiplicity:1.12
0.217	0.144	0.364	0.275
0.197	0.222	0.457	0.124
0.055	0.026	0.001	0.918
0.001	0.247	0.710	0.042
0.964	0.001	0.001	0.034
0.001	0.997	0.001	0.001
0.001	0.001	0.906	0.092
0.055	0.001	0.001	0.943
0.096	0.618	0.265	0.021
0.858	0.001	0.025	0.116
>AATSATTAAC	7-AATSATTAAC	8.216338	-833.253115	0	T:1391.0(3.08%),B:366.8(0.83%),P:1e-361	Tpos:100.9,Tstd:50.1,Bpos:99.8,Bstd:56.9,StrandBias:0.0,Multiplicity:1.04
0.862	0.029	0.056	0.053
0.867	0.064	0.017	0.052
0.138	0.015	0.001	0.846
0.133	0.342	0.375	0.150
0.801	0.001	0.016	0.182
0.033	0.001	0.054	0.912
0.011	0.044	0.001	0.944
0.772	0.025	0.076	0.127
0.907	0.037	0.039	0.017
0.047	0.852	0.022	0.079
>TTCCGGGAAA	8-TTCCGGGAAA	7.677836	-771.652076	0	T:3015.0(6.69%),B:1348.6(3.03%),P:1e-335	Tpos:101.8,Tstd:50.7,Bpos:100.2,Bstd:57.9,StrandBias:0.0,Multiplicity:1.08
0.001	0.035	0.001	0.963
0.005	0.118	0.045	0.832
0.030	0.881	0.035	0.054
0.060	0.708	0.028	0.204
0.047	0.226	0.548	0.179
0.375	0.027	0.590	0.008
0.059	0.069	0.827	0.045
0.837	0.040	0.081	0.042
0.851	0.007	0.134	0.008
0.477	0.204	0.157	0.162
>AACCGGAAGT	9-AACCGGAAGT	9.954832	-765.173504	0	T:750.0(1.66%),B:116.6(0.26%),P:1e-332	Tpos:106.0,Tstd:52.1,Bpos:106.5,Bstd:58.5,StrandBias:0.0,Multiplicity:1.17
0.706	0.020	0.197	0.077
0.719	0.074	0.203	0.004
0.001	0.941	0.057	0.001
0.001	0.997	0.001	0.001
0.001	0.001	0.997	0.001
0.007	0.001	0.991	0.001
0.997	0.001	0.001	0.001
0.993	0.001	0.001	0.005
0.046	0.006	0.945	0.003
0.009	0.053	0.001	0.937
>CAAAGTCCAA	10-CAAAGTCCAA	7.241412	-669.839104	0	T:3780.0(8.38%),B:1969.9(4.43%),P:1e-290	Tpos:101.2,Tstd:53.1,Bpos:101.7,Bstd:58.3,StrandBias:-0.0,Multiplicity:1.10
0.039	0.716	0.020	0.225
0.663	0.065	0.190	0.082
0.705	0.039	0.225	0.031
0.858	0.041	0.059	0.042
0.003	0.127	0.842	0.028
0.032	0.048	0.308	0.612
0.117	0.496	0.104	0.282
0.057	0.808	0.021	0.114
0.796	0.056	0.086	0.062
0.515	0.187	0.127	0.171
>GAGAGAGMGA	11-GAGAGAGMGA	7.389663	-602.722425	0	T:7576.0(16.80%),B:5030.5(11.32%),P:1e-261	Tpos:101.5,Tstd:56.0,Bpos:98.9,Bstd:67.7,StrandBias:-0.0,Multiplicity:1.28
0.042	0.160	0.790	0.008
0.572	0.384	0.043	0.001
0.001	0.218	0.780	0.001
0.528	0.324	0.147	0.001
0.001	0.001	0.997	0.001
0.598	0.376	0.025	0.001
0.001	0.001	0.997	0.001
0.428	0.413	0.158	0.001
0.051	0.203	0.745	0.001
0.496	0.238	0.224	0.042
>GTGTGGACTC	12-GTGTGGACTC	10.296193	-505.536039	0	T:208.0(0.46%),B:7.7(0.02%),P:1e-219	Tpos:102.8,Tstd:52.8,Bpos:76.6,Bstd:48.3,StrandBias:-0.3,Multiplicity:1.50
0.100	0.100	0.700	0.100
0.100	0.100	0.100	0.700
0.100	0.100	0.700	0.100
0.100	0.100	0.100	0.700
0.100	0.100	0.700	0.100
0.100	0.100	0.700	0.100
0.700	0.100	0.100	0.100
0.100	0.700	0.100	0.100
0.100	0.100	0.100	0.700
0.100	0.700	0.100	0.100
>CAGCATTGTG	13-CAGCATTGTG	10.296193	-397.240120	0	T:248.0(0.55%),B:20.2(0.05%),P:1e-172	Tpos:98.6,Tstd:55.2,Bpos:96.7,Bstd:70.0,StrandBias:0.7,Multiplicity:1.59
0.100	0.700	0.100	0.100
0.700	0.100	0.100	0.100
0.100	0.100	0.700	0.100
0.100	0.700	0.100	0.100
0.700	0.100	0.100	0.100
0.100	0.100	0.100	0.700
0.100	0.100	0.100	0.700
0.100	0.100	0.700	0.100
0.100	0.100	0.100	0.700
0.100	0.100	0.700	0.100
>AYTCTCGCGA	14-AYTCTCGCGA	10.536860	-355.479932	0	T:213.0(0.47%),B:16.9(0.04%),P:1e-154	Tpos:97.5,Tstd:45.0,Bpos:144.6,Bstd:41.2,StrandBias:0.0,Multiplicity:1.19
0.692	0.102	0.194	0.012
0.169	0.328	0.137	0.366
0.001	0.001	0.001	0.997
0.001	0.997	0.001	0.001
0.003	0.002	0.012	0.983
0.001	0.997	0.001	0.001
0.001	0.001	0.997	0.001
0.001	0.997	0.001	0.001
0.001	0.001	0.997	0.001
0.997	0.001	0.001	0.001
>GAATACATAG	15-GAATACATAG	11.346987	-343.572001	0	T:213.0(0.47%),B:17.5(0.04%),P:1e-149	Tpos:94.5,Tstd:52.8,Bpos:84.3,Bstd:44.1,StrandBias:0.2,Multiplicity:1.44
0.001	0.001	0.997	0.001
0.997	0.001	0.001	0.001
0.997	0.001	0.001	0.001
0.001	0.001	0.001	0.997
0.997	0.001	0.001	0.001
0.001	0.997	0.001	0.001
0.800	0.001	0.083	0.116
0.001	0.001	0.001	0.997
0.997	0.001	0.001	0.001
0.001	0.001	0.997	0.001
>AHAYAYACAS	16-AHAYAYACAS	6.427748	-292.345596	0	T:8761.0(19.43%),B:6766.2(15.22%),P:1e-126	Tpos:99.5,Tstd:57.2,Bpos:99.3,Bstd:59.6,StrandBias:-0.0,Multiplicity:1.25
0.921	0.001	0.077	0.001
0.244	0.371	0.072	0.312
0.997	0.001	0.001	0.001
0.083	0.439	0.138	0.340
0.997	0.001	0.001	0.001
0.231	0.451	0.001	0.317
0.980	0.005	0.001	0.014
0.141	0.463	0.154	0.242
0.707	0.001	0.208	0.084
0.055	0.413	0.285	0.247
>AACGTTTTTC	17-AACGTTTTTC	10.328485	-281.277107	0	T:229.0(0.51%),B:28.0(0.06%),P:1e-122	Tpos:100.8,Tstd:57.8,Bpos:74.7,Bstd:56.8,StrandBias:0.3,Multiplicity:1.21
0.997	0.001	0.001	0.001
0.997	0.001	0.001	0.001
0.001	0.875	0.001	0.123
0.001	0.001	0.997	0.001
0.068	0.001	0.001	0.930
0.001	0.001	0.001	0.997
0.416	0.001	0.001	0.582
0.052	0.113	0.001	0.834
0.416	0.001	0.001	0.582
0.031	0.948	0.020	0.001
>ACCTATCSAA	18-ACCTATCSAA	10.847366	-279.546365	0	T:96.0(0.21%),B:2.5(0.01%),P:1e-121	Tpos:106.1,Tstd:53.2,Bpos:103.3,Bstd:74.4,StrandBias:-0.2,Multiplicity:1.03
0.946	0.001	0.001	0.052
0.001	0.757	0.241	0.001
0.001	0.648	0.350	0.001
0.001	0.001	0.035	0.963
0.997	0.001	0.001	0.001
0.001	0.018	0.018	0.963
0.001	0.703	0.295	0.001
0.018	0.444	0.502	0.036
0.668	0.001	0.330	0.001
0.981	0.001	0.017	0.001
>TGCTGCTGCT	19-TGCTGCTGCT	13.653077	-276.422381	0	T:1318.0(2.92%),B:637.1(1.43%),P:1e-120	Tpos:98.5,Tstd:57.9,Bpos:96.3,Bstd:71.4,StrandBias:0.0,Multiplicity:1.08
0.001	0.001	0.054	0.944
0.018	0.049	0.932	0.001
0.012	0.986	0.001	0.001
0.001	0.001	0.001	0.997
0.001	0.001	0.997	0.001
0.001	0.997	0.001	0.001
0.001	0.001	0.001	0.997
0.022	0.001	0.976	0.001
0.001	0.972	0.026	0.001
0.001	0.001	0.001	0.997
>CGATATTCAT	20-CGATATTCAT	8.567370	-252.046110	0	T:99.0(0.22%),B:3.1(0.01%),P:1e-109	Tpos:100.6,Tstd:53.8,Bpos:172.3,Bstd:12.5,StrandBias:0.2,Multiplicity:1.04
0.001	0.997	0.001	0.001
0.001	0.001	0.997	0.001
0.997	0.001	0.001	0.001
0.001	0.001	0.001	0.997
0.997	0.001	0.001	0.001
0.001	0.001	0.001	0.997
0.001	0.001	0.001	0.997
0.001	0.686	0.001	0.312
0.974	0.001	0.024	0.001
0.001	0.311	0.001	0.687
>GGTATGACCC	21-GGTATGACCC	10.296193	-218.495978	0	T:104.0(0.23%),B:5.3(0.01%),P:1e-94	Tpos:105.7,Tstd:52.9,Bpos:86.3,Bstd:51.1,StrandBias:-0.3,Multiplicity:1.20
0.100	0.100	0.700	0.100
0.100	0.100	0.700	0.100
0.100	0.100	0.100	0.700
0.700	0.100	0.100	0.100
0.100	0.100	0.100	0.700
0.100	0.100	0.700	0.100
0.700	0.100	0.100	0.100
0.100	0.700	0.100	0.100
0.100	0.700	0.100	0.100
0.100	0.700	0.100	0.100
>GAGATTAGCC	22-GAGATTAGCC	7.601831	-214.373792	0	T:336.0(0.75%),B:84.7(0.19%),P:1e-93	Tpos:103.4,Tstd:55.4,Bpos:97.1,Bstd:59.0,StrandBias:0.5,Multiplicity:1.44
0.001	0.001	0.997	0.001
0.997	0.001	0.001	0.001
0.001	0.001	0.970	0.028
0.997	0.001	0.001	0.001
0.001	0.001	0.067	0.931
0.030	0.001	0.001	0.968
0.997	0.001	0.001	0.001
0.001	0.001	0.997	0.001
0.001	0.997	0.001	0.001
0.001	0.997	0.001	0.001
>TCCTAGAGCG	23-TCCTAGAGCG	8.552727	-201.726084	0	T:167.0(0.37%),B:21.0(0.05%),P:1e-87	Tpos:105.9,Tstd:51.3,Bpos:91.8,Bstd:70.4,StrandBias:-0.2,Multiplicity:1.23
0.001	0.001	0.001	0.997
0.001	0.997	0.001	0.001
0.001	0.997	0.001	0.001
0.001	0.001	0.038	0.960
0.988	0.010	0.001	0.001
0.001	0.001	0.997	0.001
0.992	0.001	0.001	0.006
0.001	0.001	0.884	0.114
0.001	0.997	0.001	0.001
0.001	0.001	0.997	0.001
>GAGTCAGGGA	24-GAGTCAGGGA	11.038083	-189.357360	0	T:274.0(0.61%),B:64.5(0.15%),P:1e-82	Tpos:99.8,Tstd:56.6,Bpos:98.7,Bstd:49.4,StrandBias:-0.0,Multiplicity:1.43
0.001	0.001	0.997	0.001
0.997	0.001	0.001	0.001
0.001	0.001	0.997	0.001
0.001	0.001	0.001	0.997
0.001	0.997	0.001	0.001
0.997	0.001	0.001	0.001
0.001	0.001	0.928	0.070
0.001	0.001	0.997	0.001
0.130	0.001	0.868	0.001
0.997	0.001	0.001	0.001
>ATACATAGAA	25-ATACATAGAA	13.535975	-156.117392	0	T:110.0(0.24%),B:11.9(0.03%),P:1e-67	Tpos:102.9,Tstd:53.5,Bpos:92.6,Bstd:48.6,StrandBias:-0.1,Multiplicity:2.73
0.997	0.001	0.001	0.001
0.001	0.001	0.001	0.997
0.997	0.001	0.001	0.001
0.001	0.997	0.001	0.001
0.997	0.001	0.001	0.001
0.001	0.001	0.001	0.997
0.869	0.129	0.001	0.001
0.001	0.001	0.997	0.001
0.850	0.001	0.148	0.001
0.997	0.001	0.001	0.001
>NWRGCCCCGCCC	1-NWRGCCCCGCCC	9.553797	-2490.849003	0	T:3728.0(8.27%),B:912.0(2.05%),P:1e-1081	Tpos:103.0,Tstd:45.8,Bpos:99.9,Bstd:60.1,StrandBias:0.1,Multiplicity:1.44
0.204	0.328	0.265	0.204
0.401	0.186	0.117	0.295
0.352	0.167	0.428	0.053
0.114	0.009	0.817	0.060
0.032	0.865	0.028	0.075
0.007	0.838	0.015	0.140
0.220	0.765	0.004	0.011
0.031	0.925	0.020	0.024
0.044	0.001	0.756	0.199
0.001	0.992	0.006	0.001
0.001	0.989	0.006	0.004
0.008	0.764	0.001	0.227
>YCTGATTGGCCG	2-YCTGATTGGCCG	8.874867	-2120.334683	0	T:2859.0(6.34%),B:632.0(1.42%),P:1e-920	Tpos:102.9,Tstd:44.6,Bpos:106.3,Bstd:57.8,StrandBias:-0.0,Multiplicity:1.31
0.041	0.301	0.216	0.441
0.001	0.781	0.183	0.035
0.001	0.326	0.027	0.646
0.001	0.234	0.658	0.107
0.997	0.001	0.001	0.001
0.001	0.001	0.001	0.997
0.001	0.001	0.001	0.997
0.001	0.001	0.997	0.001
0.001	0.001	0.997	0.001
0.113	0.548	0.031	0.308
0.004	0.542	0.066	0.388
0.230	0.277	0.493	0.001
>CACTAGAGGGCG	3-CACTAGAGGGCG	8.744056	-2018.416081	0	T:2717.0(6.03%),B:598.8(1.35%),P:1e-876	Tpos:104.9,Tstd:43.0,Bpos:99.7,Bstd:57.8,StrandBias:-0.0,Multiplicity:1.06
0.028	0.897	0.052	0.023
0.761	0.080	0.076	0.083
0.057	0.646	0.264	0.033
0.204	0.273	0.071	0.452
0.826	0.028	0.087	0.059
0.036	0.029	0.912	0.023
0.728	0.017	0.226	0.029
0.044	0.023	0.696	0.237
0.037	0.018	0.925	0.020
0.037	0.050	0.864	0.049
0.115	0.735	0.062	0.088
0.344	0.052	0.559	0.045
>GCGCATGCGCAG	4-GCGCATGCGCAG	10.496828	-1283.383803	0	T:1553.0(3.44%),B:305.8(0.69%),P:1e-557	Tpos:101.7,Tstd:48.8,Bpos:95.1,Bstd:73.7,StrandBias:-0.0,Multiplicity:1.25
0.102	0.006	0.891	0.001
0.099	0.861	0.032	0.008
0.041	0.001	0.957	0.001
0.001	0.997	0.001	0.001
0.894	0.045	0.031	0.030
0.014	0.035	0.163	0.788
0.001	0.001	0.997	0.001
0.001	0.953	0.001	0.045
0.001	0.044	0.774	0.181
0.001	0.791	0.001	0.207
0.461	0.265	0.249	0.025
0.211	0.217	0.465	0.107
>SCGGTGACGTCA	5-SCGGTGACGTCA	6.465971	-873.563088	0	T:1019.0(2.26%),B:192.3(0.43%),P:1e-379	Tpos:102.6,Tstd:44.3,Bpos:104.0,Bstd:58.0,StrandBias:-0.0,Multiplicity:1.08
0.102	0.407	0.344	0.147
0.066	0.468	0.292	0.174
0.227	0.222	0.381	0.170
0.146	0.182	0.638	0.034
0.001	0.001	0.001	0.997
0.001	0.001	0.997	0.001
0.997	0.001	0.001	0.001
0.001	0.997	0.001	0.001
0.001	0.001	0.997	0.001
0.001	0.001	0.001	0.997
0.001	0.997	0.001	0.001
0.997	0.001	0.001	0.001
>TTAATSATTAAC	6-TTAATSATTAAC	9.519478	-803.720769	0	T:696.0(1.54%),B:92.7(0.21%),P:1e-349	Tpos:100.7,Tstd:47.8,Bpos:101.6,Bstd:56.2,StrandBias:0.2,Multiplicity:1.02
0.044	0.077	0.070	0.809
0.142	0.104	0.066	0.688
0.926	0.004	0.034	0.036
0.859	0.067	0.006	0.068
0.231	0.027	0.001	0.741
0.183	0.360	0.259	0.198
0.768	0.006	0.030	0.196
0.106	0.001	0.057	0.836
0.018	0.024	0.010	0.948
0.678	0.053	0.091	0.178
0.789	0.076	0.089	0.046
0.129	0.713	0.012	0.146
>AACCGGAAGTGG	7-AACCGGAAGTGG	10.386256	-666.812790	0	T:665.0(1.47%),B:105.0(0.24%),P:1e-289	Tpos:105.5,Tstd:51.1,Bpos:103.0,Bstd:59.9,StrandBias:-0.1,Multiplicity:1.16
0.641	0.072	0.255	0.032
0.779	0.102	0.102	0.017
0.007	0.920	0.066	0.007
0.033	0.959	0.003	0.005
0.015	0.005	0.974	0.006
0.004	0.001	0.994	0.001
0.991	0.003	0.004	0.002
0.982	0.002	0.013	0.003
0.013	0.011	0.971	0.005
0.022	0.125	0.012	0.841
0.184	0.231	0.503	0.082
0.090	0.159	0.717	0.034
>AVACATCAGAGA	8-AVACATCAGAGA	12.508619	-659.515738	0	T:161.0(0.36%),B:1.8(0.00%),P:1e-286	Tpos:102.2,Tstd:49.7,Bpos:62.1,Bstd:27.0,StrandBias:0.3,Multiplicity:1.31
0.879	0.009	0.075	0.037
0.250	0.335	0.259	0.156
0.855	0.018	0.001	0.126
0.013	0.972	0.001	0.014
0.928	0.001	0.023	0.048
0.009	0.193	0.250	0.548
0.348	0.581	0.032	0.039
0.954	0.004	0.041	0.001
0.204	0.013	0.782	0.001
0.934	0.019	0.028	0.019
0.316	0.067	0.594	0.023
0.900	0.039	0.033	0.028
>TCCAYACAGGAG	9-TCCAYACAGGAG	13.660620	-635.684279	0	T:198.0(0.44%),B:3.3(0.01%),P:1e-276	Tpos:103.4,Tstd:51.1,Bpos:80.3,Bstd:20.2,StrandBias:0.5,Multiplicity:1.54
0.001	0.001	0.001	0.997
0.059	0.748	0.001	0.192
0.058	0.940	0.001	0.001
0.807	0.191	0.001	0.001
0.001	0.424	0.001	0.574
0.940	0.001	0.058	0.001
0.001	0.940	0.001	0.058
0.997	0.001	0.001	0.001
0.001	0.001	0.997	0.001
0.001	0.001	0.940	0.058
0.997	0.001	0.001	0.001
0.001	0.001	0.807	0.191
>TTCTGGGAAWTG	10-TTCTGGGAAWTG	7.068466	-634.228973	0	T:7702.0(17.08%),B:5078.7(11.43%),P:1e-275	Tpos:101.3,Tstd:52.6,Bpos:99.5,Bstd:57.4,StrandBias:-0.1,Multiplicity:1.19
0.017	0.117	0.046	0.820
0.007	0.247	0.157	0.589
0.054	0.793	0.039	0.114
0.041	0.173	0.002	0.784
0.079	0.009	0.672	0.240
0.106	0.001	0.876	0.017
0.103	0.125	0.770	0.002
0.758	0.123	0.103	0.016
0.687	0.085	0.149	0.079
0.402	0.081	0.178	0.338
0.178	0.032	0.318	0.472
0.110	0.100	0.657	0.133
>ACTAGGTKTGAC	11-ACTAGGTKTGAC	11.997527	-584.134200	0	T:146.0(0.32%),B:2.0(0.00%),P:1e-253	Tpos:110.7,Tstd:51.9,Bpos:75.6,Bstd:50.2,StrandBias:-0.4,Multiplicity:1.27
0.996	0.002	0.001	0.001
0.001	0.971	0.027	0.001
0.001	0.001	0.001	0.997
0.997	0.001	0.001	0.001
0.001	0.001	0.997	0.001
0.005	0.001	0.993	0.001
0.027	0.042	0.001	0.930
0.144	0.172	0.299	0.385
0.001	0.001	0.001	0.997
0.001	0.001	0.997	0.001
0.997	0.001	0.001	0.001
0.001	0.987	0.001	0.011
>TGTGGGAAATGT	12-TGTGGGAAATGT	10.372762	-541.042042	0	T:188.0(0.42%),B:4.3(0.01%),P:1e-234	Tpos:101.9,Tstd:55.8,Bpos:75.5,Bstd:23.7,StrandBias:0.3,Multiplicity:1.34
0.001	0.001	0.001	0.997
0.001	0.001	0.997	0.001
0.001	0.002	0.001	0.996
0.001	0.001	0.997	0.001
0.001	0.001	0.997	0.001
0.001	0.001	0.997	0.001
0.997	0.001	0.001	0.001
0.996	0.002	0.001	0.001
0.994	0.001	0.004	0.001
0.001	0.012	0.001	0.986
0.001	0.001	0.997	0.001
0.001	0.001	0.001	0.997
>ATGCYGGCATTK	13-ATGCYGGCATTK	9.758439	-515.452245	0	T:202.0(0.45%),B:6.7(0.02%),P:1e-223	Tpos:100.2,Tstd:53.9,Bpos:96.0,Bstd:37.2,StrandBias:-0.7,Multiplicity:1.65
0.693	0.126	0.097	0.084
0.061	0.047	0.274	0.618
0.083	0.151	0.626	0.140
0.075	0.625	0.204	0.096
0.090	0.467	0.040	0.403
0.271	0.033	0.437	0.259
0.134	0.203	0.596	0.067
0.124	0.641	0.177	0.058
0.538	0.235	0.035	0.192
0.075	0.049	0.205	0.671
0.069	0.059	0.219	0.653
0.092	0.091	0.429	0.388
>GTCACGTGACCS	14-GTCACGTGACCS	9.328824	-462.658077	0	T:556.0(1.23%),B:108.8(0.24%),P:1e-200	Tpos:101.1,Tstd:47.2,Bpos:92.3,Bstd:62.4,StrandBias:0.0,Multiplicity:1.17
0.100	0.125	0.735	0.040
0.046	0.193	0.083	0.678
0.024	0.908	0.047	0.021
0.901	0.038	0.032	0.029
0.070	0.831	0.056	0.043
0.064	0.068	0.812	0.056
0.028	0.043	0.040	0.889
0.026	0.043	0.909	0.022
0.649	0.104	0.204	0.043
0.045	0.707	0.155	0.093
0.118	0.535	0.218	0.129
0.084	0.350	0.444	0.122
>CGATTTCGATAT	15-CGATTTCGATAT	10.409522	-452.453742	0	T:119.0(0.26%),B:1.2(0.00%),P:1e-196	Tpos:103.6,Tstd:50.7,Bpos:65.1,Bstd:24.0,StrandBias:0.3,Multiplicity:1.08
0.100	0.700	0.100	0.100
0.100	0.100	0.700	0.100
0.700	0.100	0.100	0.100
0.100	0.100	0.100	0.700
0.100	0.100	0.100	0.700
0.100	0.100	0.100	0.700
0.100	0.700	0.100	0.100
0.100	0.100	0.700	0.100
0.700	0.100	0.100	0.100
0.100	0.100	0.100	0.700
0.700	0.100	0.100	0.100
0.100	0.100	0.100	0.700
>TAACTCTCCTGG	16-TAACTCTCCTGG	13.781095	-424.675842	0	T:132.0(0.29%),B:2.4(0.01%),P:1e-184	Tpos:106.1,Tstd:52.8,Bpos:51.7,Bstd:28.2,StrandBias:-0.1,Multiplicity:1.06
0.209	0.001	0.001	0.789
0.767	0.001	0.228	0.004
0.650	0.001	0.053	0.296
0.001	0.945	0.053	0.001
0.004	0.054	0.004	0.938
0.004	0.749	0.156	0.091
0.001	0.001	0.053	0.945
0.001	0.997	0.001	0.001
0.001	0.997	0.001	0.001
0.001	0.001	0.001	0.997
0.053	0.001	0.893	0.053
0.059	0.053	0.887	0.001
>CTCTCTCTCTCT	17-CTCTCTCTCTCT	7.024869	-423.077419	0	T:10188.0(22.59%),B:7667.6(17.25%),P:1e-183	Tpos:100.4,Tstd:56.3,Bpos:99.2,Bstd:64.9,StrandBias:0.0,Multiplicity:1.31
0.051	0.780	0.077	0.092
0.055	0.162	0.099	0.684
0.038	0.770	0.116	0.076
0.060	0.153	0.097	0.690
0.035	0.766	0.118	0.081
0.073	0.106	0.067	0.754
0.039	0.796	0.090	0.075
0.056	0.115	0.085	0.744
0.031	0.767	0.126	0.076
0.053	0.118	0.091	0.738
0.039	0.788	0.087	0.086
0.064	0.130	0.085	0.721
>CTATGTATTCCT	18-CTATGTATTCCT	9.618542	-395.421882	0	T:195.0(0.43%),B:10.7(0.02%),P:1e-171	Tpos:98.9,Tstd:51.0,Bpos:98.2,Bstd:40.8,StrandBias:-0.2,Multiplicity:1.60
0.001	0.997	0.001	0.001
0.001	0.001	0.001	0.997
0.997	0.001	0.001	0.001
0.001	0.012	0.001	0.986
0.001	0.001	0.997	0.001
0.001	0.001	0.012	0.986
0.997	0.001	0.001	0.001
0.001	0.001	0.001	0.997
0.003	0.036	0.001	0.960
0.001	0.982	0.016	0.001
0.001	0.981	0.001	0.017
0.001	0.001	0.001	0.997
>RMTCTCGCGAGA	19-RMTCTCGCGAGA	10.106206	-364.817114	0	T:226.0(0.50%),B:18.1(0.04%),P:1e-158	Tpos:100.2,Tstd:43.8,Bpos:118.6,Bstd:82.2,StrandBias:-0.0,Multiplicity:1.22
0.334	0.192	0.446	0.028
0.283	0.416	0.143	0.158
0.003	0.151	0.004	0.842
0.048	0.944	0.007	0.001
0.012	0.019	0.001	0.968
0.001	0.980	0.007	0.012
0.003	0.006	0.985	0.006
0.004	0.978	0.015	0.003
0.007	0.010	0.980	0.003
0.965	0.006	0.025	0.004
0.003	0.010	0.933	0.054
0.938	0.006	0.053	0.003
>AMCGACGAGGTT	20-AMCGACGAGGTT	10.989482	-364.620721	0	T:130.0(0.29%),B:3.7(0.01%),P:1e-158	Tpos:105.9,Tstd:55.3,Bpos:92.5,Bstd:54.6,StrandBias:0.1,Multiplicity:1.45
0.894	0.035	0.048	0.023
0.327	0.436	0.058	0.180
0.104	0.611	0.012	0.273
0.144	0.035	0.792	0.029
0.861	0.052	0.035	0.052
0.108	0.569	0.095	0.228
0.157	0.063	0.734	0.046
0.791	0.029	0.151	0.029
0.018	0.023	0.930	0.029
0.029	0.023	0.925	0.023
0.023	0.078	0.294	0.605
0.041	0.052	0.041	0.866
>AATTGGTAYGAC	21-AATTGGTAYGAC	11.065920	-350.013183	0	T:153.0(0.34%),B:6.9(0.02%),P:1e-152	Tpos:100.6,Tstd:53.1,Bpos:130.8,Bstd:36.8,StrandBias:-0.1,Multiplicity:1.70
0.980	0.005	0.001	0.014
0.811	0.010	0.065	0.114
0.063	0.044	0.010	0.883
0.076	0.386	0.001	0.537
0.031	0.199	0.727	0.043
0.037	0.005	0.903	0.055
0.005	0.013	0.005	0.977
0.984	0.005	0.010	0.001
0.228	0.419	0.001	0.352
0.025	0.010	0.964	0.001
0.922	0.005	0.072	0.001
0.088	0.718	0.184	0.010
>CTDMAGTCACAA	22-CTDMAGTCACAA	10.787033	-304.505842	0	T:87.0(0.19%),B:1.6(0.00%),P:1e-132	Tpos:106.1,Tstd:52.7,Bpos:149.2,Bstd:28.4,StrandBias:0.3,Multiplicity:1.34
0.065	0.805	0.061	0.069
0.209	0.028	0.070	0.693
0.249	0.023	0.391	0.337
0.402	0.280	0.078	0.240
0.496	0.031	0.167	0.306
0.114	0.042	0.721	0.123
0.146	0.026	0.099	0.729
0.090	0.737	0.112	0.061
0.742	0.101	0.113	0.044
0.060	0.758	0.087	0.095
0.806	0.102	0.032	0.060
0.593	0.129	0.241	0.037
>MAGCAGCAGCAG	23-MAGCAGCAGCAG	10.611513	-295.083842	0	T:1439.0(3.19%),B:702.3(1.58%),P:1e-128	Tpos:98.8,Tstd:57.2,Bpos:97.6,Bstd:70.2,StrandBias:-0.1,Multiplicity:1.13
0.408	0.434	0.083	0.074
0.738	0.075	0.078	0.109
0.095	0.119	0.664	0.122
0.235	0.467	0.248	0.049
0.937	0.020	0.030	0.013
0.117	0.064	0.782	0.037
0.070	0.840	0.082	0.008
0.865	0.075	0.026	0.034
0.030	0.066	0.661	0.243
0.036	0.783	0.131	0.050
0.783	0.077	0.037	0.103
0.064	0.147	0.718	0.071
>AYACACACACAC	24-AYACACACACAC	1.189955	-187.234488	0	T:11437.0(25.36%),B:9590.3(21.58%),P:1e-81	Tpos:98.7,Tstd:56.9,Bpos:99.0,Bstd:58.5,StrandBias:-0.0,Multiplicity:1.31
0.972	0.001	0.026	0.001
0.057	0.497	0.001	0.444
0.997	0.001	0.001	0.001
0.045	0.628	0.009	0.318
0.997	0.001	0.001	0.001
0.066	0.632	0.009	0.293
0.997	0.001	0.001	0.001
0.065	0.629	0.001	0.305
0.997	0.001	0.001	0.001
0.023	0.741	0.063	0.173
0.929	0.001	0.069	0.001
0.054	0.625	0.088	0.233
>GCCAGGGATGGT	25-GCCAGGGATGGT	12.982289	-148.771309	0	T:50.0(0.11%),B:0.7(0.00%),P:1e-64	Tpos:104.4,Tstd:44.1,Bpos:94.0,Bstd:0.0,StrandBias:-0.3,Multiplicity:2.08
0.001	0.010	0.988	0.001
0.003	0.984	0.010	0.003
0.001	0.997	0.001	0.001
0.997	0.001	0.001	0.001
0.029	0.001	0.969	0.001
0.001	0.001	0.997	0.001
0.014	0.001	0.982	0.003
0.997	0.001	0.001	0.001
0.006	0.001	0.003	0.990
0.006	0.001	0.987	0.006
0.009	0.001	0.989	0.001
0.001	0.018	0.001	0.980
>GGCGGGGC	1-GGCGGGGC	8.574105	-1955.627943	0	T:4538.0(10.06%),B:1548.5(3.48%),P:1e-849	Tpos:103.5,Tstd:48.0,Bpos:99.9,Bstd:63.7,StrandBias:-0.0,Multiplicity:1.46
0.001	0.001	0.997	0.001
0.001	0.001	0.997	0.001
0.001	0.997	0.001	0.001
0.001	0.001	0.997	0.001
0.001	0.001	0.690	0.308
0.126	0.001	0.872	0.001
0.055	0.001	0.943	0.001
0.001	0.997	0.001	0.001
>CCAATCAG	2-CCAATCAG	7.064068	-1390.111261	0	T:2420.0(5.37%),B:663.9(1.49%),P:1e-603	Tpos:102.9,Tstd:46.0,Bpos:101.9,Bstd:57.4,StrandBias:0.1,Multiplicity:1.23
0.001	0.997	0.001	0.001
0.001	0.997	0.001	0.001
0.997	0.001	0.001	0.001
0.997	0.001	0.001	0.001
0.001	0.001	0.001	0.997
0.001	0.997	0.001	0.001
0.825	0.001	0.173	0.001
0.001	0.105	0.893	0.001
>ATTGGCYG	3-ATTGGCYG	7.990110	-1255.667549	0	T:3194.0(7.08%),B:1142.6(2.57%),P:1e-545	Tpos:101.9,Tstd:48.8,Bpos:101.4,Bstd:59.3,StrandBias:-0.0,Multiplicity:1.11
0.997	0.001	0.001	0.001
0.030	0.001	0.001	0.968
0.001	0.001	0.001	0.997
0.001	0.003	0.995	0.001
0.007	0.001	0.991	0.001
0.057	0.781	0.051	0.111
0.001	0.541	0.001	0.457
0.051	0.133	0.815	0.001
>GAGGGCGG	4-GAGGGCGG	6.610359	-890.300974	0	T:13814.0(30.63%),B:9813.6(22.08%),P:1e-386	Tpos:100.4,Tstd:55.2,Bpos:100.5,Bstd:62.5,StrandBias:-0.0,Multiplicity:1.61
0.062	0.001	0.936	0.001
0.703	0.044	0.135	0.118
0.092	0.001	0.906	0.001
0.036	0.001	0.962	0.001
0.001	0.001	0.993	0.005
0.322	0.676	0.001	0.001
0.001	0.008	0.956	0.035
0.001	0.001	0.976	0.022
>TGACGTCA	5-TGACGTCA	8.204618	-886.282864	0	T:1075.0(2.38%),B:211.8(0.48%),P:1e-384	Tpos:102.1,Tstd:45.4,Bpos:103.7,Bstd:57.9,StrandBias:-0.0,Multiplicity:1.07
0.001	0.001	0.001	0.997
0.001	0.001	0.997	0.001
0.997	0.001	0.001	0.001
0.001	0.997	0.001	0.001
0.001	0.001	0.997	0.001
0.057	0.001	0.001	0.941
0.001	0.997	0.001	0.001
0.997	0.001	0.001	0.001
>GCGCATGC	6-GCGCATGC	8.236954	-833.253115	0	T:1391.0(3.08%),B:366.2(0.82%),P:1e-361	Tpos:103.0,Tstd:50.5,Bpos:92.5,Bstd:70.5,StrandBias:-0.0,Multiplicity:1.22
0.100	0.100	0.700	0.100
0.100	0.700	0.100	0.100
0.100	0.100	0.700	0.100
0.100	0.700	0.100	0.100
0.700	0.100	0.100	0.100
0.100	0.100	0.100	0.700
0.100	0.100	0.700	0.100
0.100	0.700	0.100	0.100
>CTTGGCAA	7-CTTGGCAA	5.323260	-824.753676	0	T:18403.0(40.81%),B:14106.3(31.74%),P:1e-358	Tpos:101.7,Tstd:53.2,Bpos:100.1,Bstd:59.3,StrandBias:0.0,Multiplicity:1.36
0.106	0.574	0.102	0.218
0.059	0.141	0.019	0.781
0.082	0.040	0.043	0.835
0.055	0.024	0.822	0.099
0.009	0.228	0.756	0.007
0.085	0.861	0.030	0.024
0.717	0.074	0.063	0.146
0.654	0.107	0.173	0.066
>TTGTTWAC	8-TTGTTWAC	6.107758	-611.402766	0	T:6424.0(14.25%),B:4074.5(9.17%),P:1e-265	Tpos:99.4,Tstd:56.6,Bpos:101.7,Bstd:57.8,StrandBias:0.0,Multiplicity:1.13
0.151	0.223	0.178	0.448
0.090	0.202	0.241	0.466
0.341	0.001	0.657	0.001
0.001	0.001	0.035	0.963
0.007	0.001	0.001	0.991
0.459	0.001	0.123	0.417
0.946	0.001	0.052	0.001
0.001	0.759	0.001	0.239
>CKCKCKCK	9-CKCKCKCK	6.368392	-606.166867	0	T:6935.0(15.38%),B:4497.7(10.12%),P:1e-263	Tpos:101.8,Tstd:56.2,Bpos:98.2,Bstd:69.7,StrandBias:0.0,Multiplicity:1.27
0.001	0.625	0.163	0.211
0.007	0.091	0.509	0.393
0.001	0.877	0.121	0.001
0.134	0.189	0.374	0.303
0.001	0.997	0.001	0.001
0.001	0.197	0.402	0.400
0.030	0.860	0.001	0.109
0.042	0.056	0.410	0.492
>GTCACGTG	10-GTCACGTG	8.604218	-515.494420	0	T:867.0(1.92%),B:229.2(0.52%),P:1e-223	Tpos:101.6,Tstd:48.8,Bpos:94.0,Bstd:61.3,StrandBias:-0.1,Multiplicity:1.16
0.085	0.001	0.913	0.001
0.001	0.001	0.001	0.997
0.001	0.997	0.001	0.001
0.997	0.001	0.001	0.001
0.001	0.997	0.001	0.001
0.001	0.001	0.997	0.001
0.001	0.001	0.001	0.997
0.001	0.001	0.997	0.001
>CCGGAAGT	11-CCGGAAGT	10.996752	-483.906119	0	T:980.0(2.17%),B:298.4(0.67%),P:1e-210	Tpos:104.5,Tstd:52.3,Bpos:101.3,Bstd:57.1,StrandBias:0.1,Multiplicity:1.21
0.001	0.997	0.001	0.001
0.001	0.997	0.001	0.001
0.001	0.001	0.997	0.001
0.001	0.001	0.997	0.001
0.997	0.001	0.001	0.001
0.997	0.001	0.001	0.001
0.068	0.001	0.930	0.001
0.001	0.001	0.001	0.997
>CAAMGGTC	12-CAAMGGTC	7.496940	-460.092669	0	T:2299.0(5.10%),B:1136.1(2.56%),P:1e-199	Tpos:101.9,Tstd:55.0,Bpos:97.0,Bstd:56.8,StrandBias:0.0,Multiplicity:1.06
0.001	0.970	0.028	0.001
0.932	0.001	0.018	0.049
0.578	0.001	0.001	0.420
0.385	0.416	0.001	0.198
0.001	0.189	0.738	0.072
0.001	0.001	0.718	0.280
0.074	0.199	0.001	0.726
0.001	0.951	0.001	0.047
>AAAGTCCA	13-AAAGTCCA	8.406840	-366.265712	0	T:2671.0(5.92%),B:1508.8(3.40%),P:1e-159	Tpos:102.1,Tstd:54.4,Bpos:102.1,Bstd:59.8,StrandBias:0.0,Multiplicity:1.13
0.795	0.001	0.192	0.012
0.733	0.034	0.232	0.001
0.945	0.021	0.033	0.001
0.001	0.001	0.997	0.001
0.001	0.001	0.001	0.997
0.034	0.828	0.001	0.137
0.012	0.953	0.013	0.022
0.956	0.016	0.006	0.022
>TTCTGGGA	14-TTCTGGGA	6.394416	-358.094607	0	T:5566.0(12.34%),B:3831.4(8.62%),P:1e-155	Tpos:101.1,Tstd:52.8,Bpos:100.4,Bstd:57.7,StrandBias:-0.1,Multiplicity:1.17
0.001	0.001	0.001	0.997
0.001	0.001	0.141	0.857
0.001	0.942	0.056	0.001
0.001	0.107	0.001	0.891
0.107	0.034	0.858	0.001
0.001	0.001	0.997	0.001
0.001	0.001	0.997	0.001
0.997	0.001	0.001	0.001
>GTGAGTCA	15-GTGAGTCA	6.673037	-352.612699	0	T:3077.0(6.82%),B:1834.8(4.13%),P:1e-153	Tpos:100.8,Tstd:52.8,Bpos:100.4,Bstd:61.2,StrandBias:-0.0,Multiplicity:1.14
0.158	0.203	0.567	0.072
0.127	0.048	0.031	0.794
0.030	0.124	0.693	0.153
0.752	0.118	0.088	0.042
0.162	0.264	0.531	0.043
0.049	0.034	0.047	0.870
0.033	0.929	0.023	0.015
0.865	0.098	0.029	0.008
>TCTCGCGA	16-TCTCGCGA	8.236954	-315.427790	0	T:259.0(0.57%),B:32.4(0.07%),P:1e-136	Tpos:101.4,Tstd:47.3,Bpos:114.0,Bstd:81.2,StrandBias:0.3,Multiplicity:1.12
0.100	0.100	0.100	0.700
0.100	0.700	0.100	0.100
0.100	0.100	0.100	0.700
0.100	0.700	0.100	0.100
0.100	0.100	0.700	0.100
0.100	0.700	0.100	0.100
0.100	0.100	0.700	0.100
0.700	0.100	0.100	0.100
>CACTAGGT	17-CACTAGGT	7.895744	-301.774525	0	T:842.0(1.87%),B:314.9(0.71%),P:1e-131	Tpos:102.9,Tstd:49.8,Bpos:92.1,Bstd:55.3,StrandBias:-0.2,Multiplicity:1.08
0.064	0.934	0.001	0.001
0.997	0.001	0.001	0.001
0.001	0.997	0.001	0.001
0.001	0.001	0.001	0.997
0.997	0.001	0.001	0.001
0.001	0.001	0.997	0.001
0.346	0.001	0.652	0.001
0.001	0.001	0.001	0.997
>ACACACAC	18-ACACACAC	4.289694	-279.009338	0	T:10624.0(23.56%),B:8488.6(19.10%),P:1e-121	Tpos:100.3,Tstd:57.1,Bpos:99.9,Bstd:60.1,StrandBias:-0.0,Multiplicity:1.28
0.997	0.001	0.001	0.001
0.054	0.842	0.026	0.078
0.997	0.001	0.001	0.001
0.046	0.928	0.010	0.016
0.992	0.006	0.001	0.001
0.027	0.919	0.015	0.039
0.991	0.001	0.007	0.001
0.035	0.895	0.038	0.032
>CTAGAGCG	19-CTAGAGCG	8.592172	-252.030817	0	T:987.0(2.19%),B:438.7(0.99%),P:1e-109	Tpos:103.7,Tstd:50.2,Bpos:102.9,Bstd:60.4,StrandBias:0.1,Multiplicity:1.16
0.104	0.894	0.001	0.001
0.001	0.001	0.001	0.997
0.997	0.001	0.001	0.001
0.001	0.001	0.997	0.001
0.997	0.001	0.001	0.001
0.001	0.001	0.959	0.039
0.001	0.837	0.161	0.001
0.001	0.001	0.997	0.001
>GCATTGTG	20-GCATTGTG	8.424247	-200.304627	0	T:821.0(1.82%),B:372.3(0.84%),P:1e-86	Tpos:98.3,Tstd:54.6,Bpos:102.2,Bstd:60.1,StrandBias:0.4,Multiplicity:1.23
0.001	0.001	0.997	0.001
0.001	0.997	0.001	0.001
0.997	0.001	0.001	0.001
0.001	0.001	0.001	0.997
0.001	0.001	0.001	0.997
0.001	0.001	0.997	0.001
0.001	0.071	0.001	0.927
0.001	0.001	0.997	0.001
>TGCTGCTG	21-TGCTGCTG	8.395674	-179.723151	0	T:3280.0(7.27%),B:2312.0(5.20%),P:1e-78	Tpos:99.7,Tstd:57.6,Bpos:99.0,Bstd:67.3,StrandBias:0.1,Multiplicity:1.11
0.001	0.001	0.001	0.997
0.001	0.001	0.997	0.001
0.001	0.997	0.001	0.001
0.001	0.001	0.001	0.997
0.001	0.001	0.997	0.001
0.001	0.997	0.001	0.001
0.001	0.001	0.001	0.997
0.069	0.001	0.929	0.001
>CCATAGAG	22-CCATAGAG	7.677012	-179.036328	0	T:959.0(2.13%),B:485.5(1.09%),P:1e-77	Tpos:98.3,Tstd:54.0,Bpos:99.2,Bstd:62.3,StrandBias:-0.1,Multiplicity:1.16
0.001	0.997	0.001	0.001
0.001	0.958	0.040	0.001
0.963	0.001	0.035	0.001
0.001	0.001	0.001	0.997
0.997	0.001	0.001	0.001
0.001	0.001	0.997	0.001
0.997	0.001	0.001	0.001
0.001	0.001	0.997	0.001
>ATACATAG	23-ATACATAG	10.966182	-96.441610	0	T:363.0(0.81%),B:159.5(0.36%),P:1e-41	Tpos:100.6,Tstd:55.6,Bpos:102.1,Bstd:59.1,StrandBias:0.1,Multiplicity:1.89
0.997	0.001	0.001	0.001
0.001	0.001	0.001	0.997
0.997	0.001	0.001	0.001
0.001	0.997	0.001	0.001
0.997	0.001	0.001	0.001
0.001	0.001	0.001	0.997
0.902	0.096	0.001	0.001
0.001	0.001	0.997	0.001
>AGCCATAC	24-AGCCATAC	8.236954	-82.552426	0	T:344.0(0.76%),B:158.9(0.36%),P:1e-35	Tpos:102.2,Tstd:54.9,Bpos:96.9,Bstd:59.0,StrandBias:0.5,Multiplicity:1.36
0.700	0.100	0.100	0.100
0.100	0.100	0.700	0.100
0.100	0.700	0.100	0.100
0.100	0.700	0.100	0.100
0.700	0.100	0.100	0.100
0.100	0.100	0.100	0.700
0.700	0.100	0.100	0.100
0.100	0.700	0.100	0.100
>ATATATAT	25-ATATATAT	8.236954	-36.293815	0	T:331.0(0.73%),B:201.5(0.45%),P:1e-15	Tpos:95.7,Tstd:63.5,Bpos:94.5,Bstd:59.9,StrandBias:0.0,Multiplicity:1.12
0.700	0.100	0.100	0.100
0.100	0.100	0.100	0.700
0.700	0.100	0.100	0.100
0.100	0.100	0.100	0.700
0.700	0.100	0.100	0.100
0.100	0.100	0.100	0.700
0.700	0.100	0.100	0.100
0.100	0.100	0.100	0.700
