>RGCCCCGCCC	1-RGCCCCGCCC	9.505430	-2427.092908	0	T:2833.0(8.30%),B:545.0(1.63%),P:1e-1054	Tpos:102.6,Tstd:50.9,Bpos:99.0,Bstd:65.3,StrandBias:0.1,Multiplicity:1.38
0.394	0.134	0.408	0.064
0.127	0.016	0.714	0.143
0.043	0.828	0.052	0.077
0.012	0.853	0.038	0.097
0.312	0.642	0.020	0.026
0.025	0.934	0.025	0.016
0.022	0.009	0.858	0.111
0.007	0.987	0.002	0.004
0.008	0.965	0.012	0.015
0.011	0.810	0.005	0.174
>RCCAATCRGA	2-RCCAATCRGA	8.134567	-1950.280755	0	T:2963.0(8.68%),B:732.7(2.19%),P:1e-846	Tpos:103.2,Tstd:48.5,Bpos:99.3,Bstd:59.7,StrandBias:0.1,Multiplicity:1.31
0.392	0.053	0.422	0.133
0.001	0.993	0.001	0.005
0.001	0.997	0.001	0.001
0.989	0.001	0.001	0.009
0.997	0.001	0.001	0.001
0.012	0.040	0.019	0.929
0.138	0.647	0.198	0.017
0.441	0.122	0.419	0.018
0.051	0.167	0.636	0.146
0.608	0.192	0.199	0.001
>TRTTTRCWNW	3-TRTTTRCWNW	6.028142	-1549.127204	0	T:7944.0(23.28%),B:4141.0(12.36%),P:1e-672	Tpos:101.4,Tstd:53.0,Bpos:100.9,Bstd:58.6,StrandBias:-0.0,Multiplicity:1.26
0.059	0.166	0.025	0.750
0.466	0.001	0.474	0.059
0.037	0.001	0.001	0.961
0.022	0.001	0.244	0.733
0.092	0.026	0.339	0.543
0.515	0.110	0.370	0.005
0.081	0.566	0.064	0.289
0.307	0.232	0.023	0.438
0.271	0.239	0.185	0.305
0.409	0.148	0.131	0.311
>CGCATGCGCA	4-CGCATGCGCA	9.144075	-1499.194355	0	T:1595.0(4.67%),B:273.5(0.82%),P:1e-651	Tpos:100.9,Tstd:52.3,Bpos:98.1,Bstd:64.3,StrandBias:0.0,Multiplicity:1.28
0.061	0.933	0.005	0.001
0.006	0.001	0.992	0.001
0.001	0.997	0.001	0.001
0.916	0.048	0.029	0.007
0.001	0.016	0.051	0.932
0.001	0.001	0.997	0.001
0.001	0.993	0.001	0.005
0.001	0.001	0.962	0.036
0.001	0.973	0.003	0.023
0.640	0.132	0.187	0.041
>AATCATTAAC	5-AATCATTAAC	8.418953	-1108.510111	0	T:1160.0(3.40%),B:194.5(0.58%),P:1e-481	Tpos:104.0,Tstd:51.1,Bpos:109.0,Bstd:57.6,StrandBias:-0.0,Multiplicity:1.04
0.883	0.029	0.070	0.018
0.733	0.128	0.076	0.063
0.154	0.018	0.015	0.813
0.065	0.481	0.327	0.127
0.856	0.019	0.017	0.108
0.073	0.011	0.071	0.845
0.020	0.027	0.024	0.929
0.815	0.061	0.065	0.059
0.808	0.049	0.061	0.082
0.042	0.837	0.023	0.098
>GSTGACGTSA	6-GSTGACGTSA	8.456778	-881.735912	0	T:942.0(2.76%),B:161.7(0.48%),P:1e-382	Tpos:100.8,Tstd:47.9,Bpos:101.6,Bstd:60.0,StrandBias:-0.1,Multiplicity:1.12
0.195	0.104	0.449	0.252
0.140	0.315	0.461	0.083
0.001	0.148	0.001	0.850
0.001	0.391	0.546	0.062
0.958	0.001	0.029	0.012
0.001	0.784	0.134	0.081
0.090	0.066	0.788	0.056
0.048	0.099	0.001	0.852
0.193	0.426	0.380	0.001
0.803	0.001	0.101	0.095
>CCAAAGTYCA	7-CCAAAGTYCA	7.189718	-796.759631	0	T:4465.0(13.08%),B:2338.7(6.98%),P:1e-346	Tpos:101.9,Tstd:52.9,Bpos:99.6,Bstd:60.4,StrandBias:-0.0,Multiplicity:1.12
0.153	0.453	0.254	0.141
0.054	0.668	0.015	0.263
0.652	0.079	0.177	0.092
0.647	0.050	0.302	0.001
0.894	0.004	0.096	0.006
0.001	0.001	0.997	0.001
0.049	0.069	0.197	0.685
0.059	0.424	0.152	0.365
0.023	0.975	0.001	0.001
0.906	0.051	0.001	0.042
>ACCGGAAGTG	8-ACCGGAAGTG	8.939324	-792.957553	0	T:899.0(2.63%),B:164.4(0.49%),P:1e-344	Tpos:102.4,Tstd:51.4,Bpos:100.0,Bstd:61.7,StrandBias:-0.0,Multiplicity:1.25
0.851	0.001	0.126	0.022
0.018	0.913	0.068	0.001
0.001	0.978	0.020	0.001
0.001	0.001	0.997	0.001
0.001	0.001	0.995	0.003
0.997	0.001	0.001	0.001
0.994	0.004	0.001	0.001
0.064	0.001	0.934	0.001
0.011	0.103	0.006	0.880
0.080	0.125	0.767	0.028
>GCATTGTGGG	9-GCATTGTGGG	10.859972	-682.892820	0	T:323.0(0.95%),B:15.5(0.05%),P:1e-296	Tpos:100.5,Tstd:54.2,Bpos:96.8,Bstd:63.1,StrandBias:0.3,Multiplicity:1.44
0.001	0.001	0.997	0.001
0.001	0.997	0.001	0.001
0.947	0.001	0.051	0.001
0.001	0.001	0.001	0.997
0.001	0.001	0.001	0.997
0.001	0.001	0.997	0.001
0.001	0.001	0.001	0.997
0.001	0.001	0.997	0.001
0.001	0.001	0.997	0.001
0.001	0.001	0.997	0.001
>TCTCTCKCKC	10-TCTCTCKCKC	7.873542	-498.404437	0	T:4685.0(13.73%),B:2876.8(8.59%),P:1e-216	Tpos:101.7,Tstd:56.2,Bpos:100.0,Bstd:72.7,StrandBias:0.0,Multiplicity:1.25
0.125	0.136	0.248	0.491
0.001	0.957	0.001	0.041
0.001	0.178	0.272	0.549
0.001	0.997	0.001	0.001
0.006	0.025	0.363	0.606
0.002	0.925	0.057	0.016
0.011	0.182	0.410	0.398
0.001	0.933	0.065	0.001
0.001	0.105	0.390	0.504
0.102	0.703	0.155	0.040
>CCATACAAAT	11-CCATACAAAT	10.296193	-477.962397	0	T:200.0(0.59%),B:7.9(0.02%),P:1e-207	Tpos:107.5,Tstd:50.8,Bpos:121.9,Bstd:32.1,StrandBias:0.4,Multiplicity:1.60
0.100	0.700	0.100	0.100
0.100	0.700	0.100	0.100
0.700	0.100	0.100	0.100
0.100	0.100	0.100	0.700
0.700	0.100	0.100	0.100
0.100	0.700	0.100	0.100
0.700	0.100	0.100	0.100
0.700	0.100	0.100	0.100
0.700	0.100	0.100	0.100
0.100	0.100	0.100	0.700
>TCCTGTGTGG	12-TCCTGTGTGG	10.296193	-435.475158	0	T:227.0(0.67%),B:13.1(0.04%),P:1e-189	Tpos:105.7,Tstd:51.9,Bpos:98.8,Bstd:64.9,StrandBias:-0.2,Multiplicity:1.58
0.100	0.100	0.100	0.700
0.100	0.700	0.100	0.100
0.100	0.700	0.100	0.100
0.100	0.100	0.100	0.700
0.100	0.100	0.700	0.100
0.100	0.100	0.100	0.700
0.100	0.100	0.700	0.100
0.100	0.100	0.100	0.700
0.100	0.100	0.700	0.100
0.100	0.100	0.700	0.100
>TATGACCCAG	13-TATGACCCAG	7.250332	-407.550320	0	T:128.0(0.38%),B:3.0(0.01%),P:1e-176	Tpos:104.0,Tstd:50.6,Bpos:132.7,Bstd:48.0,StrandBias:0.6,Multiplicity:1.07
0.001	0.001	0.001	0.997
0.997	0.001	0.001	0.001
0.001	0.001	0.001	0.997
0.001	0.001	0.997	0.001
0.997	0.001	0.001	0.001
0.001	0.997	0.001	0.001
0.001	0.997	0.001	0.001
0.001	0.996	0.002	0.001
0.688	0.001	0.310	0.001
0.001	0.001	0.997	0.001
>STGTGTGTGT	14-STGTGTGTGT	6.118507	-380.415149	0	T:6969.0(20.42%),B:4988.1(14.89%),P:1e-165	Tpos:100.4,Tstd:56.4,Bpos:100.5,Bstd:61.3,StrandBias:0.0,Multiplicity:1.23
0.072	0.447	0.418	0.063
0.121	0.036	0.001	0.842
0.058	0.194	0.667	0.081
0.009	0.087	0.015	0.889
0.076	0.069	0.720	0.135
0.019	0.027	0.018	0.936
0.155	0.124	0.559	0.162
0.028	0.032	0.040	0.900
0.148	0.104	0.603	0.145
0.038	0.048	0.048	0.866
>CTATGTATTC	15-CTATGTATTC	13.623288	-370.613890	0	T:174.0(0.51%),B:9.0(0.03%),P:1e-160	Tpos:101.1,Tstd:54.4,Bpos:92.8,Bstd:42.5,StrandBias:-0.0,Multiplicity:1.91
0.001	0.997	0.001	0.001
0.001	0.001	0.001	0.997
0.997	0.001	0.001	0.001
0.001	0.001	0.001	0.997
0.001	0.001	0.997	0.001
0.001	0.001	0.001	0.997
0.997	0.001	0.001	0.001
0.001	0.001	0.001	0.997
0.001	0.081	0.001	0.917
0.119	0.879	0.001	0.001
>ACATCAGAGA	16-ACATCAGAGA	10.296193	-325.358770	0	T:192.0(0.56%),B:14.9(0.04%),P:1e-141	Tpos:106.3,Tstd:49.3,Bpos:103.2,Bstd:57.8,StrandBias:0.2,Multiplicity:1.47
0.700	0.100	0.100	0.100
0.100	0.700	0.100	0.100
0.700	0.100	0.100	0.100
0.100	0.100	0.100	0.700
0.100	0.700	0.100	0.100
0.700	0.100	0.100	0.100
0.100	0.100	0.700	0.100
0.700	0.100	0.100	0.100
0.100	0.100	0.700	0.100
0.700	0.100	0.100	0.100
>GACGCTCTAG	17-GACGCTCTAG	10.566677	-321.592382	0	T:313.0(0.92%),B:48.8(0.15%),P:1e-139	Tpos:104.2,Tstd:51.9,Bpos:93.8,Bstd:67.6,StrandBias:0.1,Multiplicity:1.44
0.001	0.001	0.991	0.007
0.790	0.208	0.001	0.001
0.001	0.997	0.001	0.001
0.001	0.001	0.848	0.150
0.001	0.865	0.058	0.076
0.001	0.001	0.001	0.997
0.001	0.997	0.001	0.001
0.001	0.001	0.001	0.997
0.997	0.001	0.001	0.001
0.001	0.001	0.976	0.022
>TTTCGATATT	18-TTTCGATATT	13.813759	-286.450608	0	T:83.0(0.24%),B:1.8(0.01%),P:1e-124	Tpos:98.8,Tstd:47.8,Bpos:87.2,Bstd:35.6,StrandBias:-0.1,Multiplicity:1.04
0.001	0.001	0.001	0.997
0.001	0.001	0.001	0.997
0.001	0.007	0.001	0.991
0.001	0.997	0.001	0.001
0.001	0.001	0.997	0.001
0.995	0.001	0.003	0.001
0.001	0.001	0.001	0.997
0.986	0.001	0.012	0.001
0.001	0.001	0.001	0.997
0.001	0.001	0.001	0.997
>AATGTTTTTC	19-AATGTTTTTC	9.032354	-273.903007	0	T:359.0(1.05%),B:76.2(0.23%),P:1e-118	Tpos:100.5,Tstd:53.5,Bpos:110.0,Bstd:56.5,StrandBias:0.1,Multiplicity:1.35
0.997	0.001	0.001	0.001
0.997	0.001	0.001	0.001
0.001	0.001	0.001	0.997
0.001	0.001	0.997	0.001
0.001	0.001	0.001	0.997
0.001	0.001	0.001	0.997
0.001	0.001	0.001	0.997
0.001	0.112	0.001	0.886
0.001	0.073	0.107	0.819
0.001	0.997	0.001	0.001
>TATGCTAGGT	20-TATGCTAGGT	13.792192	-260.219452	0	T:77.0(0.23%),B:1.1(0.00%),P:1e-113	Tpos:104.4,Tstd:54.4,Bpos:140.1,Bstd:1.5,StrandBias:0.4,Multiplicity:1.00
0.001	0.001	0.001	0.997
0.964	0.034	0.001	0.001
0.001	0.001	0.001	0.997
0.001	0.001	0.997	0.001
0.001	0.990	0.008	0.001
0.001	0.001	0.001	0.997
0.997	0.001	0.001	0.001
0.001	0.001	0.997	0.001
0.001	0.001	0.997	0.001
0.001	0.001	0.001	0.997
>ANTCTCGCGA	21-ANTCTCGCGA	10.291096	-251.255345	0	T:183.0(0.54%),B:19.5(0.06%),P:1e-109	Tpos:99.0,Tstd:48.4,Bpos:118.3,Bstd:67.6,StrandBias:0.2,Multiplicity:1.20
0.483	0.135	0.216	0.166
0.178	0.281	0.238	0.302
0.008	0.204	0.035	0.753
0.054	0.900	0.026	0.020
0.008	0.050	0.014	0.928
0.049	0.941	0.004	0.006
0.002	0.001	0.923	0.074
0.008	0.949	0.014	0.029
0.025	0.030	0.937	0.008
0.887	0.025	0.037	0.051
>GAGAGTCAGG	22-GAGAGTCAGG	10.296193	-237.063199	0	T:161.0(0.47%),B:15.2(0.05%),P:1e-102	Tpos:108.7,Tstd:55.4,Bpos:85.3,Bstd:50.8,StrandBias:0.2,Multiplicity:1.45
0.100	0.100	0.700	0.100
0.700	0.100	0.100	0.100
0.100	0.100	0.700	0.100
0.700	0.100	0.100	0.100
0.100	0.100	0.700	0.100
0.100	0.100	0.100	0.700
0.100	0.700	0.100	0.100
0.700	0.100	0.100	0.100
0.100	0.100	0.700	0.100
0.100	0.100	0.700	0.100
>TGGAACGTCA	23-TGGAACGTCA	8.026759	-203.918356	0	T:85.0(0.25%),B:3.4(0.01%),P:1e-88	Tpos:90.0,Tstd:52.8,Bpos:68.0,Bstd:8.1,StrandBias:0.1,Multiplicity:1.05
0.001	0.001	0.001	0.997
0.310	0.003	0.686	0.001
0.001	0.001	0.997	0.001
0.997	0.001	0.001	0.001
0.997	0.001	0.001	0.001
0.001	0.997	0.001	0.001
0.001	0.001	0.997	0.001
0.001	0.001	0.001	0.997
0.001	0.997	0.001	0.001
0.997	0.001	0.001	0.001
>TGCTGCTGCT	24-TGCTGCTGCT	7.263367	-199.881455	0	T:1897.0(5.56%),B:1151.6(3.44%),P:1e-86	Tpos:97.6,Tstd:57.2,Bpos:100.3,Bstd:66.2,StrandBias:0.1,Multiplicity:1.10
0.001	0.030	0.001	0.968
0.045	0.110	0.844	0.001
0.010	0.976	0.013	0.001
0.001	0.001	0.001	0.997
0.001	0.001	0.997	0.001
0.030	0.968	0.001	0.001
0.001	0.001	0.001	0.997
0.020	0.001	0.978	0.001
0.014	0.946	0.016	0.024
0.001	0.001	0.001	0.997
>CCCATTGTGA	25-CCCATTGTGA	10.761877	-159.630520	0	T:130.0(0.38%),B:16.1(0.05%),P:1e-69	Tpos:94.8,Tstd:54.4,Bpos:113.3,Bstd:49.7,StrandBias:0.3,Multiplicity:1.35
0.001	0.997	0.001	0.001
0.001	0.997	0.001	0.001
0.001	0.688	0.310	0.001
0.997	0.001	0.001	0.001
0.001	0.001	0.001	0.997
0.001	0.001	0.001	0.997
0.067	0.001	0.931	0.001
0.001	0.001	0.001	0.997
0.001	0.001	0.997	0.001
0.997	0.001	0.001	0.001
>AGKGGGCGGGGC	1-AGKGGGCGGGGC	10.348015	-2381.645527	0	T:2654.0(7.78%),B:484.9(1.45%),P:1e-1034	Tpos:102.3,Tstd:51.0,Bpos:97.9,Bstd:64.2,StrandBias:-0.1,Multiplicity:1.34
0.600	0.050	0.285	0.065
0.131	0.042	0.806	0.021
0.101	0.010	0.464	0.425
0.047	0.002	0.948	0.003
0.008	0.001	0.990	0.001
0.003	0.004	0.990	0.003
0.087	0.891	0.003	0.019
0.007	0.004	0.980	0.009
0.003	0.012	0.613	0.372
0.055	0.002	0.935	0.008
0.025	0.020	0.933	0.022
0.042	0.891	0.005	0.062
>YCTGATTGGYYG	2-YCTGATTGGYYG	9.364176	-2291.486878	0	T:2191.0(6.42%),B:333.8(1.00%),P:1e-995	Tpos:102.8,Tstd:47.3,Bpos:100.7,Bstd:60.0,StrandBias:-0.1,Multiplicity:1.28
0.001	0.333	0.231	0.435
0.006	0.583	0.241	0.170
0.001	0.346	0.084	0.569
0.001	0.250	0.614	0.135
0.997	0.001	0.001	0.001
0.001	0.001	0.001	0.997
0.001	0.001	0.001	0.997
0.001	0.001	0.997	0.001
0.001	0.001	0.997	0.001
0.145	0.419	0.083	0.354
0.067	0.445	0.173	0.316
0.225	0.228	0.483	0.063
>GCGCATGCGCVG	3-GCGCATGCGCVG	11.132283	-1561.157067	0	T:1370.0(4.01%),B:185.0(0.55%),P:1e-677	Tpos:100.5,Tstd:51.6,Bpos:100.4,Bstd:61.1,StrandBias:-0.0,Multiplicity:1.24
0.115	0.004	0.880	0.001
0.078	0.896	0.015	0.011
0.035	0.008	0.956	0.001
0.001	0.997	0.001	0.001
0.838	0.089	0.051	0.022
0.018	0.055	0.102	0.825
0.001	0.001	0.997	0.001
0.001	0.977	0.001	0.021
0.001	0.031	0.812	0.156
0.001	0.780	0.001	0.218
0.388	0.251	0.294	0.066
0.230	0.241	0.407	0.122
>TTAATSATTAAC	4-TTAATSATTAAC	9.048201	-1019.242591	0	T:748.0(2.19%),B:78.8(0.24%),P:1e-442	Tpos:105.5,Tstd:50.1,Bpos:93.2,Bstd:59.7,StrandBias:0.0,Multiplicity:1.03
0.054	0.042	0.044	0.860
0.059	0.069	0.041	0.831
0.934	0.008	0.033	0.025
0.884	0.062	0.005	0.049
0.119	0.020	0.004	0.857
0.159	0.280	0.406	0.155
0.823	0.003	0.023	0.151
0.032	0.008	0.057	0.903
0.014	0.031	0.007	0.948
0.872	0.047	0.023	0.058
0.902	0.033	0.043	0.022
0.062	0.779	0.027	0.132
>TCCACACAGGAG	5-TCCACACAGGAG	12.471133	-914.224744	0	T:210.0(0.62%),B:1.9(0.01%),P:1e-397	Tpos:106.2,Tstd:51.1,Bpos:127.1,Bstd:52.5,StrandBias:0.2,Multiplicity:1.64
0.129	0.001	0.001	0.869
0.001	0.909	0.001	0.089
0.044	0.911	0.044	0.001
0.997	0.001	0.001	0.001
0.001	0.869	0.129	0.001
0.954	0.001	0.044	0.001
0.001	0.753	0.001	0.245
0.954	0.044	0.001	0.001
0.001	0.001	0.997	0.001
0.001	0.001	0.954	0.044
0.869	0.001	0.001	0.129
0.044	0.001	0.911	0.044
>SBSTGACGTCAC	6-SBSTGACGTCAC	9.406099	-909.003737	0	T:889.0(2.60%),B:137.2(0.41%),P:1e-394	Tpos:101.1,Tstd:48.8,Bpos:99.5,Bstd:61.0,StrandBias:-0.0,Multiplicity:1.13
0.099	0.343	0.414	0.143
0.171	0.226	0.346	0.256
0.115	0.375	0.449	0.061
0.015	0.040	0.020	0.925
0.001	0.358	0.623	0.018
0.953	0.025	0.016	0.006
0.166	0.706	0.111	0.017
0.062	0.063	0.867	0.008
0.007	0.025	0.002	0.966
0.013	0.580	0.404	0.003
0.921	0.029	0.026	0.024
0.050	0.727	0.117	0.106
>ACAATGCTGGCA	7-ACAATGCTGGCA	12.716074	-887.599944	0	T:205.0(0.60%),B:1.8(0.01%),P:1e-385	Tpos:100.0,Tstd:52.9,Bpos:92.4,Bstd:6.6,StrandBias:-0.2,Multiplicity:1.71
0.997	0.001	0.001	0.001
0.001	0.997	0.001	0.001
0.997	0.001	0.001	0.001
0.985	0.001	0.013	0.001
0.001	0.021	0.001	0.977
0.001	0.008	0.990	0.001
0.001	0.997	0.001	0.001
0.001	0.001	0.001	0.997
0.001	0.001	0.997	0.001
0.001	0.005	0.993	0.001
0.001	0.997	0.001	0.001
0.997	0.001	0.001	0.001
>GGGAAATGTTTT	8-GGGAAATGTTTT	13.382477	-866.388086	0	T:201.0(0.59%),B:1.1(0.00%),P:1e-376	Tpos:102.5,Tstd:54.4,Bpos:187.9,Bstd:3.3,StrandBias:0.0,Multiplicity:1.66
0.005	0.005	0.964	0.026
0.001	0.004	0.896	0.099
0.147	0.005	0.843	0.005
0.953	0.032	0.001	0.014
0.874	0.001	0.121	0.004
0.898	0.001	0.028	0.073
0.004	0.001	0.133	0.862
0.158	0.005	0.797	0.040
0.001	0.001	0.013	0.985
0.014	0.005	0.005	0.976
0.004	0.014	0.001	0.981
0.005	0.221	0.064	0.710
>TTTGTATGGCTT	9-TTTGTATGGCTT	16.582355	-751.195402	0	T:179.0(0.52%),B:1.8(0.01%),P:1e-326	Tpos:107.8,Tstd:50.2,Bpos:49.3,Bstd:22.5,StrandBias:-0.4,Multiplicity:1.59
0.001	0.005	0.001	0.993
0.001	0.003	0.001	0.995
0.001	0.001	0.001	0.997
0.001	0.001	0.997	0.001
0.001	0.001	0.001	0.997
0.997	0.001	0.001	0.001
0.005	0.008	0.001	0.986
0.001	0.001	0.997	0.001
0.001	0.001	0.997	0.001
0.001	0.997	0.001	0.001
0.001	0.001	0.001	0.997
0.001	0.001	0.001	0.997
>AACCGGAAGTGG	10-AACCGGAAGTGG	9.642128	-730.685719	0	T:807.0(2.36%),B:143.5(0.43%),P:1e-317	Tpos:103.3,Tstd:50.9,Bpos:96.9,Bstd:54.1,StrandBias:0.1,Multiplicity:1.19
0.555	0.116	0.300	0.029
0.795	0.114	0.077	0.014
0.008	0.944	0.045	0.003
0.036	0.957	0.004	0.003
0.004	0.005	0.986	0.005
0.004	0.001	0.993	0.002
0.995	0.001	0.003	0.001
0.972	0.004	0.018	0.006
0.016	0.005	0.978	0.001
0.025	0.082	0.011	0.882
0.165	0.214	0.561	0.060
0.100	0.139	0.731	0.030
>TAGTGATACATC	11-TAGTGATACATC	12.249111	-730.533378	0	T:175.0(0.51%),B:1.5(0.00%),P:1e-317	Tpos:101.8,Tstd:53.9,Bpos:27.0,Bstd:0.0,StrandBias:0.2,Multiplicity:1.50
0.041	0.031	0.001	0.927
0.880	0.001	0.001	0.118
0.075	0.010	0.685	0.230
0.172	0.001	0.051	0.776
0.031	0.088	0.840	0.041
0.926	0.001	0.031	0.042
0.103	0.279	0.134	0.484
0.708	0.010	0.204	0.078
0.010	0.959	0.010	0.021
0.989	0.009	0.001	0.001
0.010	0.227	0.001	0.762
0.031	0.897	0.051	0.021
>TGGACTTTGGAC	12-TGGACTTTGGAC	7.885724	-651.975645	0	T:2300.0(6.74%),B:977.1(2.92%),P:1e-283	Tpos:101.7,Tstd:51.6,Bpos:98.8,Bstd:58.8,StrandBias:-0.0,Multiplicity:1.06
0.067	0.044	0.081	0.808
0.052	0.015	0.856	0.077
0.114	0.154	0.672	0.060
0.707	0.164	0.082	0.047
0.040	0.818	0.043	0.099
0.046	0.086	0.021	0.847
0.053	0.140	0.050	0.757
0.088	0.041	0.089	0.782
0.044	0.021	0.881	0.054
0.093	0.120	0.714	0.073
0.526	0.206	0.109	0.159
0.097	0.632	0.156	0.115
>GTCATACCGATT	13-GTCATACCGATT	11.197177	-526.554471	0	T:156.0(0.46%),B:2.7(0.01%),P:1e-228	Tpos:103.7,Tstd:53.8,Bpos:93.0,Bstd:67.8,StrandBias:-0.4,Multiplicity:1.70
0.013	0.009	0.967	0.011
0.009	0.016	0.013	0.962
0.001	0.975	0.006	0.018
0.552	0.009	0.340	0.099
0.066	0.022	0.016	0.896
0.948	0.011	0.025	0.016
0.034	0.955	0.007	0.004
0.044	0.738	0.070	0.148
0.312	0.007	0.519	0.162
0.926	0.013	0.013	0.048
0.234	0.094	0.070	0.602
0.013	0.009	0.011	0.967
>CTATGTATTCCT	14-CTATGTATTCCT	11.144205	-506.072196	0	T:179.0(0.52%),B:4.6(0.01%),P:1e-219	Tpos:101.2,Tstd:53.5,Bpos:83.6,Bstd:34.0,StrandBias:0.1,Multiplicity:2.20
0.001	0.997	0.001	0.001
0.001	0.001	0.001	0.997
0.997	0.001	0.001	0.001
0.001	0.005	0.001	0.993
0.008	0.001	0.990	0.001
0.001	0.001	0.001	0.997
0.997	0.001	0.001	0.001
0.001	0.001	0.001	0.997
0.019	0.007	0.001	0.973
0.087	0.903	0.009	0.001
0.001	0.968	0.001	0.030
0.001	0.001	0.001	0.997
>GAGAGTCAGGGA	15-GAGAGTCAGGGA	12.875490	-464.309575	0	T:156.0(0.46%),B:3.9(0.01%),P:1e-201	Tpos:106.5,Tstd:54.3,Bpos:122.4,Bstd:33.1,StrandBias:0.2,Multiplicity:1.47
0.089	0.001	0.815	0.095
0.997	0.001	0.001	0.001
0.001	0.001	0.997	0.001
0.805	0.001	0.001	0.193
0.001	0.001	0.997	0.001
0.001	0.001	0.001	0.997
0.001	0.997	0.001	0.001
0.648	0.090	0.261	0.001
0.090	0.090	0.819	0.001
0.001	0.089	0.909	0.001
0.233	0.001	0.765	0.001
0.997	0.001	0.001	0.001
>CGATTTCGATAT	16-CGATTTCGATAT	9.541092	-433.015479	0	T:115.0(0.34%),B:1.8(0.01%),P:1e-188	Tpos:96.0,Tstd:51.1,Bpos:119.0,Bstd:7.6,StrandBias:-0.0,Multiplicity:1.10
0.002	0.979	0.002	0.017
0.001	0.001	0.988	0.010
0.995	0.002	0.001	0.002
0.001	0.001	0.001	0.997
0.002	0.001	0.011	0.986
0.002	0.001	0.002	0.995
0.001	0.965	0.002	0.032
0.051	0.017	0.930	0.002
0.997	0.001	0.001	0.001
0.001	0.005	0.001	0.993
0.992	0.001	0.002	0.005
0.001	0.001	0.001	0.997
>AARGATTGAGAC	17-AARGATTGAGAC	11.495530	-423.564855	0	T:113.0(0.33%),B:1.2(0.00%),P:1e-183	Tpos:97.6,Tstd:51.9,Bpos:151.0,Bstd:0.0,StrandBias:0.6,Multiplicity:1.39
0.836	0.011	0.146	0.007
0.597	0.013	0.362	0.028
0.530	0.053	0.392	0.025
0.060	0.367	0.540	0.033
0.861	0.031	0.076	0.032
0.099	0.101	0.042	0.758
0.059	0.005	0.257	0.679
0.068	0.030	0.895	0.007
0.890	0.014	0.064	0.032
0.087	0.012	0.712	0.189
0.529	0.245	0.040	0.186
0.050	0.666	0.012	0.272
>CTCTCTCTCTCT	18-CTCTCTCTCTCT	4.972918	-423.002749	0	T:6324.0(18.53%),B:4348.8(12.98%),P:1e-183	Tpos:101.1,Tstd:55.8,Bpos:101.0,Bstd:70.3,StrandBias:0.0,Multiplicity:1.27
0.001	0.931	0.067	0.001
0.001	0.017	0.085	0.897
0.001	0.953	0.014	0.032
0.001	0.035	0.077	0.887
0.012	0.952	0.020	0.016
0.001	0.010	0.045	0.944
0.006	0.968	0.025	0.001
0.011	0.001	0.035	0.953
0.021	0.938	0.026	0.015
0.005	0.057	0.029	0.909
0.014	0.925	0.048	0.013
0.014	0.033	0.080	0.873
>CTGATGCTCCTT	19-CTGATGCTCCTT	12.156372	-367.626538	0	T:101.0(0.30%),B:1.8(0.01%),P:1e-159	Tpos:96.5,Tstd:51.5,Bpos:119.6,Bstd:15.0,StrandBias:0.1,Multiplicity:1.49
0.001	0.997	0.001	0.001
0.001	0.001	0.001	0.997
0.009	0.012	0.978	0.001
0.997	0.001	0.001	0.001
0.001	0.001	0.001	0.997
0.001	0.001	0.997	0.001
0.001	0.997	0.001	0.001
0.001	0.001	0.001	0.997
0.001	0.997	0.001	0.001
0.001	0.966	0.012	0.021
0.001	0.001	0.001	0.997
0.003	0.001	0.003	0.993
>CAACACAAAATG	20-CAACACAAAATG	12.585634	-341.750835	0	T:124.0(0.36%),B:4.0(0.01%),P:1e-148	Tpos:95.3,Tstd:49.2,Bpos:98.5,Bstd:28.1,StrandBias:0.6,Multiplicity:1.53
0.104	0.514	0.310	0.072
0.649	0.001	0.309	0.041
0.517	0.122	0.336	0.025
0.223	0.681	0.018	0.078
0.730	0.072	0.041	0.157
0.001	0.878	0.102	0.019
0.993	0.001	0.001	0.005
0.819	0.006	0.174	0.001
0.993	0.001	0.005	0.001
0.764	0.176	0.059	0.001
0.053	0.001	0.132	0.814
0.001	0.030	0.968	0.001
>ACACACACACAC	21-ACACACACACAC	6.619359	-312.763058	0	T:4989.0(14.62%),B:3451.6(10.30%),P:1e-135	Tpos:100.6,Tstd:55.9,Bpos:101.2,Bstd:60.7,StrandBias:-0.1,Multiplicity:1.18
0.786	0.058	0.115	0.041
0.276	0.449	0.094	0.181
0.852	0.021	0.051	0.076
0.168	0.565	0.134	0.133
0.952	0.015	0.013	0.020
0.180	0.654	0.067	0.099
0.974	0.009	0.012	0.005
0.131	0.615	0.139	0.115
0.888	0.023	0.038	0.051
0.109	0.602	0.189	0.100
0.785	0.075	0.055	0.085
0.111	0.533	0.233	0.123
>ACGAGGGTGAAT	22-ACGAGGGTGAAT	9.052953	-290.821543	0	T:99.0(0.29%),B:2.7(0.01%),P:1e-126	Tpos:100.4,Tstd:56.9,Bpos:121.9,Bstd:43.7,StrandBias:0.2,Multiplicity:1.19
0.715	0.100	0.108	0.077
0.122	0.612	0.157	0.109
0.141	0.155	0.585	0.119
0.700	0.078	0.131	0.091
0.116	0.065	0.697	0.122
0.129	0.062	0.728	0.081
0.102	0.120	0.679	0.099
0.124	0.088	0.130	0.658
0.088	0.130	0.658	0.124
0.713	0.090	0.115	0.082
0.631	0.123	0.136	0.110
0.138	0.087	0.152	0.623
>AGGTGACATACG	23-AGGTGACATACG	13.054960	-273.279003	0	T:80.0(0.23%),B:0.0(0.00%),P:1e-118	Tpos:97.1,Tstd:55.7,Bpos:0.0,Bstd:0.0,StrandBias:-0.5,Multiplicity:1.40
0.575	0.021	0.026	0.378
0.054	0.015	0.921	0.010
0.015	0.041	0.913	0.031
0.015	0.010	0.021	0.954
0.094	0.065	0.815	0.026
0.970	0.015	0.010	0.005
0.081	0.612	0.273	0.034
0.954	0.015	0.026	0.005
0.031	0.109	0.021	0.839
0.949	0.015	0.021	0.015
0.041	0.668	0.062	0.229
0.026	0.041	0.839	0.094
>VNTCTCGCGAGA	24-VNTCTCGCGAGA	10.632428	-269.175375	0	T:206.0(0.60%),B:23.4(0.07%),P:1e-116	Tpos:98.0,Tstd:47.5,Bpos:104.1,Bstd:76.9,StrandBias:0.0,Multiplicity:1.20
0.269	0.360	0.302	0.069
0.241	0.273	0.248	0.239
0.039	0.282	0.039	0.640
0.136	0.850	0.013	0.001
0.013	0.090	0.063	0.834
0.001	0.973	0.025	0.001
0.013	0.063	0.898	0.026
0.013	0.948	0.026	0.013
0.025	0.013	0.961	0.001
0.870	0.039	0.078	0.013
0.001	0.013	0.881	0.105
0.773	0.052	0.123	0.052
>CTGCTGCTGVTK	25-CTGCTGCTGVTK	11.167130	-250.157398	0	T:1185.0(3.47%),B:570.7(1.70%),P:1e-108	Tpos:96.6,Tstd:57.3,Bpos:101.4,Bstd:67.4,StrandBias:0.2,Multiplicity:1.08
0.278	0.481	0.216	0.025
0.001	0.124	0.091	0.784
0.030	0.336	0.603	0.031
0.001	0.997	0.001	0.001
0.001	0.001	0.001	0.997
0.001	0.001	0.997	0.001
0.005	0.913	0.081	0.001
0.001	0.001	0.001	0.997
0.039	0.012	0.617	0.332
0.243	0.363	0.270	0.124
0.001	0.035	0.001	0.963
0.048	0.100	0.471	0.381
>GGCGGGGC	1-GGCGGGGC	7.510132	-1812.841373	0	T:4063.0(11.91%),B:1359.4(4.06%),P:1e-787	Tpos:103.0,Tstd:52.2,Bpos:99.8,Bstd:62.8,StrandBias:-0.1,Multiplicity:1.43
0.001	0.001	0.997	0.001
0.001	0.001	0.997	0.001
0.001	0.997	0.001	0.001
0.001	0.001	0.997	0.001
0.001	0.001	0.690	0.308
0.079	0.001	0.919	0.001
0.046	0.001	0.952	0.001
0.001	0.967	0.001	0.031
>CCAATCAG	2-CCAATCAG	6.869655	-1398.441958	0	T:3217.0(9.43%),B:1085.6(3.24%),P:1e-607	Tpos:102.8,Tstd:49.6,Bpos:100.6,Bstd:58.9,StrandBias:0.1,Multiplicity:1.31
0.001	0.997	0.001	0.001
0.001	0.997	0.001	0.001
0.997	0.001	0.001	0.001
0.997	0.001	0.001	0.001
0.001	0.001	0.001	0.997
0.001	0.895	0.103	0.001
0.828	0.001	0.170	0.001
0.001	0.098	0.900	0.001
>TRTTTRCH	3-TRTTTRCH	6.041387	-1369.239424	0	T:6884.0(20.17%),B:3531.8(10.54%),P:1e-594	Tpos:101.4,Tstd:53.7,Bpos:100.5,Bstd:59.5,StrandBias:-0.1,Multiplicity:1.16
0.001	0.001	0.001	0.997
0.549	0.001	0.449	0.001
0.001	0.001	0.001	0.997
0.001	0.001	0.001	0.997
0.001	0.001	0.089	0.909
0.491	0.001	0.507	0.001
0.001	0.937	0.001	0.061
0.409	0.288	0.001	0.302
>ATTGGCCG	4-ATTGGCCG	7.335537	-1361.345432	0	T:3284.0(9.62%),B:1142.2(3.41%),P:1e-591	Tpos:104.5,Tstd:51.7,Bpos:100.7,Bstd:58.1,StrandBias:0.0,Multiplicity:1.08
0.973	0.025	0.001	0.001
0.040	0.018	0.011	0.931
0.001	0.001	0.001	0.997
0.013	0.021	0.965	0.001
0.004	0.001	0.994	0.001
0.048	0.711	0.054	0.187
0.001	0.656	0.001	0.342
0.029	0.112	0.858	0.001
>GGGCGGGG	5-GGGCGGGG	8.439451	-1319.314922	0	T:5731.0(16.79%),B:2749.2(8.21%),P:1e-572	Tpos:101.4,Tstd:55.7,Bpos:101.4,Bstd:61.8,StrandBias:-0.1,Multiplicity:1.20
0.001	0.001	0.997	0.001
0.001	0.001	0.997	0.001
0.001	0.001	0.997	0.001
0.137	0.861	0.001	0.001
0.001	0.001	0.997	0.001
0.001	0.001	0.824	0.174
0.001	0.001	0.997	0.001
0.149	0.101	0.749	0.001
>GCGCATGC	6-GCGCATGC	8.661377	-1096.668601	0	T:1869.0(5.48%),B:502.4(1.50%),P:1e-476	Tpos:100.9,Tstd:53.0,Bpos:97.1,Bstd:64.9,StrandBias:0.0,Multiplicity:1.27
0.001	0.001	0.997	0.001
0.001	0.997	0.001	0.001
0.001	0.001	0.997	0.001
0.001	0.997	0.001	0.001
0.997	0.001	0.001	0.001
0.001	0.001	0.090	0.908
0.001	0.001	0.997	0.001
0.001	0.997	0.001	0.001
>TTGCATAA	7-TTGCATAA	5.940008	-663.464921	0	T:4403.0(12.90%),B:2440.8(7.29%),P:1e-288	Tpos:100.7,Tstd:54.8,Bpos:100.2,Bstd:59.0,StrandBias:-0.0,Multiplicity:1.12
0.001	0.001	0.001	0.997
0.001	0.001	0.023	0.975
0.040	0.001	0.943	0.016
0.001	0.972	0.010	0.017
0.888	0.001	0.096	0.015
0.184	0.270	0.001	0.545
0.872	0.126	0.001	0.001
0.987	0.001	0.011	0.001
>TCACGTGA	8-TCACGTGA	3.329380	-649.402087	0	T:2193.0(6.43%),B:911.8(2.72%),P:1e-282	Tpos:100.7,Tstd:50.3,Bpos:99.8,Bstd:60.0,StrandBias:-0.0,Multiplicity:1.15
0.001	0.001	0.001	0.997
0.001	0.610	0.388	0.001
0.997	0.001	0.001	0.001
0.001	0.997	0.001	0.001
0.001	0.001	0.997	0.001
0.001	0.001	0.001	0.997
0.001	0.002	0.709	0.288
0.614	0.288	0.001	0.097
>TGGACTTT	9-TGGACTTT	6.261902	-631.686347	0	T:5798.0(16.99%),B:3561.3(10.63%),P:1e-274	Tpos:102.0,Tstd:54.5,Bpos:100.2,Bstd:59.3,StrandBias:0.0,Multiplicity:1.18
0.025	0.009	0.021	0.945
0.023	0.001	0.949	0.027
0.056	0.001	0.905	0.038
0.974	0.001	0.013	0.012
0.001	0.997	0.001	0.001
0.001	0.051	0.005	0.943
0.037	0.288	0.033	0.642
0.007	0.102	0.001	0.890
>RTTTCCGG	10-RTTTCCGG	8.228174	-601.605443	0	T:1267.0(3.71%),B:396.2(1.18%),P:1e-261	Tpos:102.1,Tstd:54.1,Bpos:101.1,Bstd:62.0,StrandBias:0.0,Multiplicity:1.22
0.555	0.001	0.443	0.001
0.001	0.255	0.001	0.743
0.001	0.001	0.001	0.997
0.072	0.001	0.001	0.926
0.001	0.822	0.001	0.176
0.001	0.926	0.072	0.001
0.001	0.299	0.699	0.001
0.001	0.176	0.822	0.001
>CGGTCCCT	11-CGGTCCCT	5.598643	-509.683573	0	T:6938.0(20.33%),B:4697.5(14.02%),P:1e-221	Tpos:101.3,Tstd:55.4,Bpos:100.2,Bstd:63.5,StrandBias:0.0,Multiplicity:1.44
0.001	0.997	0.001	0.001
0.007	0.271	0.721	0.001
0.001	0.096	0.822	0.081
0.001	0.001	0.001	0.997
0.001	0.997	0.001	0.001
0.001	0.727	0.271	0.001
0.001	0.997	0.001	0.001
0.001	0.001	0.001	0.997
>CACACACA	12-CACACACA	6.386485	-449.942599	0	T:6301.0(18.46%),B:4276.2(12.77%),P:1e-195	Tpos:101.2,Tstd:56.3,Bpos:101.0,Bstd:61.1,StrandBias:-0.0,Multiplicity:1.25
0.136	0.581	0.068	0.215
0.872	0.081	0.028	0.019
0.179	0.630	0.042	0.149
0.891	0.022	0.051	0.036
0.134	0.763	0.064	0.039
0.904	0.054	0.033	0.009
0.196	0.528	0.222	0.054
0.832	0.005	0.130	0.033
>CTTGGCAA	13-CTTGGCAA	6.149677	-429.666511	0	T:7549.0(22.12%),B:5379.9(16.06%),P:1e-186	Tpos:101.4,Tstd:54.4,Bpos:99.4,Bstd:60.7,StrandBias:-0.0,Multiplicity:1.14
0.001	0.967	0.001	0.031
0.001	0.130	0.001	0.868
0.337	0.051	0.001	0.611
0.028	0.001	0.613	0.358
0.001	0.196	0.802	0.001
0.023	0.919	0.048	0.010
0.523	0.001	0.161	0.315
0.654	0.216	0.059	0.071
>CGMGMGAG	14-CGMGMGAG	5.532995	-425.264270	0	T:7935.0(23.25%),B:5723.7(17.09%),P:1e-184	Tpos:101.3,Tstd:56.0,Bpos:100.3,Bstd:71.5,StrandBias:0.0,Multiplicity:1.40
0.333	0.604	0.062	0.001
0.001	0.001	0.883	0.115
0.574	0.424	0.001	0.001
0.001	0.001	0.997	0.001
0.562	0.415	0.001	0.022
0.001	0.001	0.960	0.038
0.802	0.196	0.001	0.001
0.001	0.053	0.945	0.001
>CAAAGGTC	15-CAAAGGTC	7.315723	-403.512610	0	T:1533.0(4.49%),B:671.6(2.00%),P:1e-175	Tpos:99.8,Tstd:53.8,Bpos:103.9,Bstd:57.8,StrandBias:-0.0,Multiplicity:1.04
0.001	0.672	0.039	0.288
0.814	0.075	0.001	0.110
0.996	0.001	0.001	0.002
0.509	0.345	0.089	0.057
0.065	0.267	0.666	0.002
0.001	0.043	0.685	0.271
0.058	0.088	0.122	0.732
0.001	0.924	0.001	0.074
>AAWCATTG	16-AAWCATTG	5.359211	-383.577105	0	T:5770.0(16.91%),B:3961.0(11.82%),P:1e-166	Tpos:99.1,Tstd:54.7,Bpos:102.6,Bstd:58.6,StrandBias:-0.0,Multiplicity:1.21
0.701	0.038	0.260	0.001
0.706	0.067	0.149	0.078
0.355	0.161	0.144	0.340
0.093	0.532	0.301	0.074
0.478	0.084	0.167	0.272
0.184	0.069	0.020	0.727
0.056	0.007	0.051	0.886
0.274	0.139	0.534	0.053
>CTCTCCCG	17-CTCTCCCG	7.536222	-372.950402	0	T:3326.0(9.75%),B:1998.7(5.97%),P:1e-161	Tpos:102.0,Tstd:55.5,Bpos:103.2,Bstd:63.6,StrandBias:0.0,Multiplicity:1.11
0.001	0.997	0.001	0.001
0.001	0.210	0.080	0.709
0.001	0.997	0.001	0.001
0.072	0.001	0.138	0.789
0.264	0.734	0.001	0.001
0.063	0.562	0.001	0.374
0.001	0.624	0.001	0.374
0.163	0.001	0.835	0.001
>AATCAATA	18-AATCAATA	6.908761	-273.196003	0	T:636.0(1.86%),B:212.3(0.63%),P:1e-118	Tpos:100.5,Tstd:53.4,Bpos:103.2,Bstd:56.9,StrandBias:0.1,Multiplicity:1.03
0.806	0.001	0.192	0.001
0.997	0.001	0.001	0.001
0.001	0.001	0.001	0.997
0.001	0.997	0.001	0.001
0.917	0.001	0.081	0.001
0.997	0.001	0.001	0.001
0.001	0.001	0.001	0.997
0.997	0.001	0.001	0.001
>ATTGTGGG	19-ATTGTGGG	8.236954	-245.354502	0	T:539.0(1.58%),B:173.6(0.52%),P:1e-106	Tpos:99.9,Tstd:55.4,Bpos:97.5,Bstd:56.5,StrandBias:0.1,Multiplicity:1.31
0.700	0.100	0.100	0.100
0.100	0.100	0.100	0.700
0.100	0.100	0.100	0.700
0.100	0.100	0.700	0.100
0.100	0.100	0.100	0.700
0.100	0.100	0.700	0.100
0.100	0.100	0.700	0.100
0.100	0.100	0.700	0.100
>CCATAGAG	20-CCATAGAG	8.184193	-242.151059	0	T:950.0(2.78%),B:421.0(1.26%),P:1e-105	Tpos:100.6,Tstd:53.0,Bpos:98.4,Bstd:59.9,StrandBias:0.0,Multiplicity:1.14
0.001	0.997	0.001	0.001
0.070	0.928	0.001	0.001
0.938	0.001	0.060	0.001
0.001	0.001	0.001	0.997
0.997	0.001	0.001	0.001
0.001	0.001	0.997	0.001
0.997	0.001	0.001	0.001
0.001	0.001	0.997	0.001
>TGCTGCTA	21-TGCTGCTA	5.349547	-160.216474	0	T:3601.0(10.55%),B:2630.2(7.85%),P:1e-69	Tpos:98.5,Tstd:56.8,Bpos:101.4,Bstd:63.2,StrandBias:0.1,Multiplicity:1.10
0.001	0.001	0.252	0.746
0.001	0.001	0.997	0.001
0.001	0.689	0.001	0.309
0.001	0.001	0.001	0.997
0.001	0.001	0.997	0.001
0.423	0.575	0.001	0.001
0.001	0.001	0.001	0.997
0.987	0.001	0.011	0.001
>GTAYGACY	22-GTAYGACY	4.175163	-133.955932	0	T:684.0(2.00%),B:340.0(1.01%),P:1e-58	Tpos:102.2,Tstd:55.0,Bpos:98.3,Bstd:56.3,StrandBias:-0.0,Multiplicity:1.43
0.001	0.001	0.997	0.001
0.001	0.001	0.001	0.997
0.997	0.001	0.001	0.001
0.001	0.506	0.001	0.492
0.001	0.001	0.997	0.001
0.994	0.001	0.004	0.001
0.001	0.997	0.001	0.001
0.001	0.419	0.068	0.512
>AATGCCAG	23-AATGCCAG	7.363449	-133.205844	0	T:997.0(2.92%),B:564.3(1.68%),P:1e-57	Tpos:101.1,Tstd:55.4,Bpos:98.9,Bstd:57.0,StrandBias:0.2,Multiplicity:1.21
0.997	0.001	0.001	0.001
0.997	0.001	0.001	0.001
0.001	0.001	0.001	0.997
0.001	0.001	0.997	0.001
0.001	0.845	0.001	0.153
0.001	0.969	0.029	0.001
0.997	0.001	0.001	0.001
0.001	0.001	0.997	0.001
>AAAACATT	24-AAAACATT	8.236954	-98.462412	0	T:620.0(1.82%),B:332.9(0.99%),P:1e-42	Tpos:97.9,Tstd:57.0,Bpos:96.5,Bstd:54.5,StrandBias:-0.1,Multiplicity:1.32
0.700	0.100	0.100	0.100
0.700	0.100	0.100	0.100
0.700	0.100	0.100	0.100
0.700	0.100	0.100	0.100
0.100	0.700	0.100	0.100
0.700	0.100	0.100	0.100
0.100	0.100	0.100	0.700
0.100	0.100	0.100	0.700
>CTATGTAT	25-CTATGTAT	9.672454	-80.722157	0	T:269.0(0.79%),B:111.3(0.33%),P:1e-35	Tpos:99.2,Tstd:56.6,Bpos:99.1,Bstd:46.9,StrandBias:0.0,Multiplicity:1.89
0.333	0.665	0.001	0.001
0.001	0.001	0.001	0.997
0.666	0.124	0.001	0.209
0.001	0.056	0.023	0.920
0.001	0.251	0.747	0.001
0.001	0.001	0.149	0.849
0.997	0.001	0.001	0.001
0.001	0.018	0.038	0.943
