>TGYACWGTGY	1-TGYACWGTGY	5.669226	-5136.829150	0	T:55064.0(39.29%),B:33534.8(26.82%),P:1e-2230	Tpos:104.7,Tstd:49.6,Bpos:99.7,Bstd:83.7,StrandBias:0.0,Multiplicity:1.48
0.152	0.200	0.226	0.422
0.378	0.001	0.620	0.001
0.001	0.495	0.158	0.346
0.664	0.001	0.334	0.001
0.001	0.877	0.001	0.121
0.454	0.097	0.123	0.326
0.108	0.205	0.686	0.001
0.001	0.378	0.043	0.578
0.336	0.156	0.507	0.001
0.001	0.554	0.001	0.444
>CAGTGTACAC	2-CAGTGTACAC	4.575961	-3411.774636	0	T:81994.0(58.51%),B:59394.8(47.50%),P:1e-1481	Tpos:102.3,Tstd:54.2,Bpos:99.8,Bstd:79.2,StrandBias:-0.0,Multiplicity:1.26
0.066	0.714	0.113	0.107
0.695	0.109	0.098	0.098
0.093	0.134	0.657	0.116
0.086	0.098	0.098	0.718
0.122	0.099	0.710	0.069
0.063	0.134	0.068	0.735
0.677	0.094	0.128	0.101
0.071	0.691	0.124	0.114
0.702	0.096	0.108	0.094
0.112	0.700	0.104	0.084
>CTCTSYMCTS	3-CTCTSYMCTS	5.975802	-2056.034182	0	T:56400.0(40.25%),B:40141.6(32.11%),P:1e-892	Tpos:101.8,Tstd:54.1,Bpos:100.2,Bstd:68.9,StrandBias:-0.0,Multiplicity:1.33
0.001	0.888	0.010	0.101
0.222	0.157	0.077	0.544
0.121	0.877	0.001	0.001
0.009	0.164	0.001	0.826
0.226	0.321	0.450	0.003
0.001	0.430	0.004	0.565
0.352	0.465	0.025	0.157
0.001	0.776	0.001	0.222
0.171	0.188	0.083	0.558
0.108	0.370	0.463	0.058
>ATATAYACAY	4-ATATAYACAY	3.709065	-1809.317049	0	T:57802.0(41.25%),B:41943.2(33.55%),P:1e-785	Tpos:104.0,Tstd:52.3,Bpos:100.7,Bstd:88.7,StrandBias:0.0,Multiplicity:1.54
0.761	0.065	0.141	0.033
0.001	0.382	0.005	0.612
0.860	0.009	0.130	0.001
0.001	0.396	0.014	0.589
0.970	0.008	0.020	0.002
0.001	0.543	0.018	0.438
0.985	0.002	0.011	0.002
0.003	0.613	0.019	0.365
0.933	0.008	0.043	0.016
0.007	0.448	0.114	0.430
>RNSCTAKCCT	5-RNSCTAKCCT	6.133603	-1764.253278	0	T:43136.0(30.78%),B:29793.9(23.83%),P:1e-766	Tpos:101.2,Tstd:54.8,Bpos:99.4,Bstd:73.0,StrandBias:0.0,Multiplicity:1.24
0.402	0.169	0.428	0.001
0.189	0.258	0.258	0.295
0.264	0.430	0.305	0.001
0.001	0.997	0.001	0.001
0.001	0.327	0.057	0.615
0.592	0.001	0.406	0.001
0.001	0.240	0.308	0.451
0.355	0.527	0.117	0.001
0.001	0.997	0.001	0.001
0.210	0.249	0.001	0.540
>CCYTAACCCT	6-CCYTAACCCT	6.403493	-1262.061461	0	T:32580.0(23.25%),B:22417.2(17.93%),P:1e-548	Tpos:102.2,Tstd:53.3,Bpos:99.9,Bstd:73.6,StrandBias:-0.1,Multiplicity:1.30
0.023	0.892	0.024	0.061
0.074	0.875	0.020	0.031
0.039	0.422	0.033	0.506
0.053	0.130	0.079	0.738
0.482	0.198	0.277	0.043
0.681	0.080	0.220	0.019
0.037	0.820	0.056	0.087
0.045	0.547	0.050	0.358
0.042	0.844	0.082	0.032
0.029	0.051	0.013	0.907
>CATBATGMYS	7-CATBATGMYS	5.849085	-1076.321029	0	T:47211.0(33.69%),B:35047.2(28.03%),P:1e-467	Tpos:102.9,Tstd:50.3,Bpos:99.8,Bstd:79.9,StrandBias:0.0,Multiplicity:1.36
0.001	0.997	0.001	0.001
0.902	0.072	0.001	0.025
0.001	0.324	0.001	0.674
0.038	0.354	0.362	0.247
0.631	0.001	0.360	0.008
0.001	0.083	0.188	0.728
0.001	0.001	0.755	0.243
0.333	0.385	0.131	0.151
0.188	0.354	0.186	0.272
0.169	0.250	0.397	0.184
>GAGAGTCCAC	8-GAGAGTCCAC	10.296193	-684.766076	0	T:501.0(0.36%),B:47.3(0.04%),P:1e-297	Tpos:106.4,Tstd:50.9,Bpos:89.2,Bstd:44.8,StrandBias:0.1,Multiplicity:1.48
0.100	0.100	0.700	0.100
0.700	0.100	0.100	0.100
0.100	0.100	0.700	0.100
0.700	0.100	0.100	0.100
0.100	0.100	0.700	0.100
0.100	0.100	0.100	0.700
0.100	0.700	0.100	0.100
0.100	0.700	0.100	0.100
0.700	0.100	0.100	0.100
0.100	0.700	0.100	0.100
>TRCTAGGGKY	9-TRCTAGGGKY	8.351047	-669.286401	0	T:9832.0(7.02%),B:5998.5(4.80%),P:1e-290	Tpos:102.6,Tstd:52.1,Bpos:100.4,Bstd:88.1,StrandBias:0.2,Multiplicity:1.19
0.041	0.090	0.055	0.814
0.406	0.167	0.331	0.096
0.019	0.800	0.107	0.074
0.005	0.052	0.013	0.930
0.973	0.017	0.009	0.001
0.336	0.073	0.568	0.023
0.125	0.063	0.794	0.018
0.120	0.039	0.827	0.014
0.009	0.152	0.364	0.475
0.072	0.379	0.038	0.511
>GCCATACAAA	10-GCCATACAAA	10.296193	-642.956277	0	T:474.0(0.34%),B:45.7(0.04%),P:1e-279	Tpos:105.5,Tstd:52.0,Bpos:98.4,Bstd:68.6,StrandBias:0.5,Multiplicity:1.51
0.100	0.100	0.700	0.100
0.100	0.700	0.100	0.100
0.100	0.700	0.100	0.100
0.700	0.100	0.100	0.100
0.100	0.100	0.100	0.700
0.700	0.100	0.100	0.100
0.100	0.700	0.100	0.100
0.700	0.100	0.100	0.100
0.700	0.100	0.100	0.100
0.700	0.100	0.100	0.100
>ATTGTGGGAA	11-ATTGTGGGAA	13.831894	-481.842180	0	T:501.0(0.36%),B:75.6(0.06%),P:1e-209	Tpos:98.8,Tstd:56.3,Bpos:98.7,Bstd:65.7,StrandBias:0.4,Multiplicity:1.57
0.997	0.001	0.001	0.001
0.001	0.001	0.001	0.997
0.001	0.001	0.001	0.997
0.001	0.001	0.997	0.001
0.001	0.001	0.001	0.997
0.001	0.002	0.996	0.001
0.001	0.001	0.997	0.001
0.001	0.001	0.997	0.001
0.997	0.001	0.001	0.001
0.997	0.001	0.001	0.001
>AGGGASGTMA	12-AGGGASGTMA	6.981812	-363.257562	0	T:1814.0(1.29%),B:804.9(0.64%),P:1e-157	Tpos:101.9,Tstd:54.7,Bpos:99.8,Bstd:72.3,StrandBias:-0.1,Multiplicity:1.00
0.532	0.132	0.104	0.232
0.086	0.100	0.797	0.017
0.222	0.176	0.440	0.163
0.142	0.116	0.523	0.219
0.495	0.153	0.120	0.232
0.241	0.405	0.259	0.095
0.293	0.256	0.445	0.006
0.005	0.011	0.237	0.747
0.535	0.445	0.010	0.010
0.555	0.228	0.046	0.171
>TSGACCTAGC	13-TSGACCTAGC	9.903136	-355.965118	0	T:216.0(0.15%),B:15.6(0.01%),P:1e-154	Tpos:99.7,Tstd:55.0,Bpos:129.8,Bstd:23.6,StrandBias:-0.1,Multiplicity:1.00
0.216	0.267	0.017	0.500
0.149	0.381	0.469	0.001
0.065	0.140	0.727	0.068
0.745	0.020	0.076	0.159
0.042	0.833	0.033	0.092
0.243	0.579	0.142	0.036
0.005	0.001	0.166	0.828
0.829	0.140	0.030	0.001
0.044	0.092	0.802	0.062
0.033	0.696	0.025	0.246
>ATTGAGACTG	14-ATTGAGACTG	11.925359	-345.919140	0	T:314.0(0.22%),B:40.8(0.03%),P:1e-150	Tpos:102.6,Tstd:53.9,Bpos:96.4,Bstd:57.4,StrandBias:0.4,Multiplicity:1.23
0.997	0.001	0.001	0.001
0.001	0.001	0.001	0.997
0.001	0.001	0.001	0.997
0.001	0.001	0.997	0.001
0.997	0.001	0.001	0.001
0.001	0.001	0.997	0.001
0.997	0.001	0.001	0.001
0.001	0.997	0.001	0.001
0.001	0.001	0.148	0.850
0.001	0.001	0.997	0.001
>AGAAAAACAT	15-AGAAAAACAT	10.223984	-316.254751	0	T:424.0(0.30%),B:83.6(0.07%),P:1e-137	Tpos:103.8,Tstd:57.1,Bpos:118.9,Bstd:49.1,StrandBias:-0.2,Multiplicity:1.35
0.971	0.027	0.001	0.001
0.001	0.001	0.997	0.001
0.997	0.001	0.001	0.001
0.997	0.001	0.001	0.001
0.997	0.001	0.001	0.001
0.997	0.001	0.001	0.001
0.997	0.001	0.001	0.001
0.001	0.997	0.001	0.001
0.997	0.001	0.001	0.001
0.001	0.001	0.001	0.997
>RATTGGATAG	16-RATTGGATAG	9.726308	-302.667374	0	T:2478.0(1.77%),B:1300.7(1.04%),P:1e-131	Tpos:100.6,Tstd:54.0,Bpos:102.1,Bstd:69.0,StrandBias:-0.0,Multiplicity:1.23
0.458	0.001	0.530	0.011
0.997	0.001	0.001	0.001
0.001	0.001	0.017	0.981
0.001	0.008	0.270	0.721
0.001	0.001	0.997	0.001
0.001	0.001	0.997	0.001
0.676	0.322	0.001	0.001
0.001	0.001	0.001	0.997
0.460	0.064	0.301	0.174
0.001	0.001	0.997	0.001
>GGGTCGTACC	17-GGGTCGTACC	8.433517	-297.689099	0	T:272.0(0.19%),B:35.9(0.03%),P:1e-129	Tpos:102.5,Tstd:54.7,Bpos:110.7,Bstd:66.1,StrandBias:-0.1,Multiplicity:1.36
0.003	0.127	0.869	0.001
0.139	0.001	0.859	0.001
0.001	0.001	0.997	0.001
0.001	0.001	0.001	0.997
0.001	0.997	0.001	0.001
0.006	0.001	0.992	0.001
0.001	0.001	0.001	0.997
0.997	0.001	0.001	0.001
0.001	0.997	0.001	0.001
0.001	0.997	0.001	0.001
>GGAACGTCAT	18-GGAACGTCAT	10.106626	-291.153526	0	T:365.0(0.26%),B:67.7(0.05%),P:1e-126	Tpos:96.3,Tstd:59.2,Bpos:87.7,Bstd:58.3,StrandBias:0.0,Multiplicity:1.05
0.032	0.001	0.966	0.001
0.001	0.001	0.997	0.001
0.997	0.001	0.001	0.001
0.997	0.001	0.001	0.001
0.001	0.997	0.001	0.001
0.001	0.001	0.816	0.182
0.001	0.001	0.001	0.997
0.084	0.914	0.001	0.001
0.997	0.001	0.001	0.001
0.001	0.001	0.001	0.997
>AWTTCGATAK	19-AWTTCGATAK	9.921157	-275.666111	0	T:169.0(0.12%),B:12.3(0.01%),P:1e-119	Tpos:97.4,Tstd:52.7,Bpos:65.8,Bstd:55.8,StrandBias:-0.0,Multiplicity:1.06
0.742	0.145	0.057	0.056
0.501	0.026	0.108	0.365
0.024	0.021	0.064	0.891
0.157	0.037	0.124	0.682
0.001	0.588	0.410	0.001
0.002	0.001	0.996	0.001
0.749	0.070	0.087	0.094
0.032	0.078	0.015	0.875
0.605	0.151	0.233	0.011
0.030	0.087	0.375	0.508
>AGGCATATGT	20-AGGCATATGT	10.296193	-267.935885	0	T:291.0(0.21%),B:46.0(0.04%),P:1e-116	Tpos:104.4,Tstd:49.0,Bpos:106.1,Bstd:72.2,StrandBias:0.0,Multiplicity:1.00
0.700	0.100	0.100	0.100
0.100	0.100	0.700	0.100
0.100	0.100	0.700	0.100
0.100	0.700	0.100	0.100
0.700	0.100	0.100	0.100
0.100	0.100	0.100	0.700
0.700	0.100	0.100	0.100
0.100	0.100	0.100	0.700
0.100	0.100	0.700	0.100
0.100	0.100	0.100	0.700
>CTCAATCCTT	21-CTCAATCCTT	13.560149	-245.647451	0	T:228.0(0.16%),B:30.8(0.02%),P:1e-106	Tpos:96.5,Tstd:55.9,Bpos:100.4,Bstd:48.6,StrandBias:-0.0,Multiplicity:1.27
0.001	0.997	0.001	0.001
0.001	0.001	0.001	0.997
0.001	0.997	0.001	0.001
0.997	0.001	0.001	0.001
0.997	0.001	0.001	0.001
0.001	0.001	0.001	0.997
0.001	0.759	0.239	0.001
0.001	0.997	0.001	0.001
0.001	0.001	0.001	0.997
0.001	0.001	0.001	0.997
>AGCTCCCCTA	22-AGCTCCCCTA	10.296193	-236.423528	0	T:195.0(0.14%),B:22.5(0.02%),P:1e-102	Tpos:103.7,Tstd:52.4,Bpos:105.0,Bstd:57.6,StrandBias:0.1,Multiplicity:1.00
0.700	0.100	0.100	0.100
0.100	0.100	0.700	0.100
0.100	0.700	0.100	0.100
0.100	0.100	0.100	0.700
0.100	0.700	0.100	0.100
0.100	0.700	0.100	0.100
0.100	0.700	0.100	0.100
0.100	0.700	0.100	0.100
0.100	0.100	0.100	0.700
0.700	0.100	0.100	0.100
>GAGGAGGACG	23-GAGGAGGACG	6.693866	-235.257234	0	T:17504.0(12.49%),B:13346.9(10.68%),P:1e-102	Tpos:99.7,Tstd:55.7,Bpos:101.4,Bstd:58.9,StrandBias:-0.0,Multiplicity:1.30
0.071	0.048	0.829	0.052
0.844	0.059	0.050	0.047
0.112	0.101	0.739	0.048
0.050	0.067	0.838	0.045
0.849	0.044	0.072	0.035
0.082	0.042	0.830	0.046
0.040	0.078	0.842	0.040
0.755	0.088	0.089	0.068
0.049	0.685	0.211	0.055
0.060	0.104	0.792	0.044
>TATGTATTCC	24-TATGTATTCC	7.981973	-231.146496	0	T:458.0(0.33%),B:124.5(0.10%),P:1e-100	Tpos:100.2,Tstd:56.2,Bpos:95.3,Bstd:58.0,StrandBias:-0.0,Multiplicity:1.72
0.001	0.001	0.001	0.997
0.997	0.001	0.001	0.001
0.001	0.001	0.001	0.997
0.001	0.001	0.997	0.001
0.001	0.001	0.001	0.997
0.997	0.001	0.001	0.001
0.001	0.001	0.001	0.997
0.283	0.001	0.001	0.715
0.001	0.997	0.001	0.001
0.001	0.994	0.004	0.001
>GGAGCATCAG	25-GGAGCATCAG	10.988590	-227.476257	0	T:420.0(0.30%),B:108.7(0.09%),P:1e-98	Tpos:104.7,Tstd:50.9,Bpos:97.0,Bstd:80.3,StrandBias:-0.3,Multiplicity:1.30
0.001	0.001	0.997	0.001
0.001	0.001	0.997	0.001
0.997	0.001	0.001	0.001
0.001	0.001	0.997	0.001
0.001	0.997	0.001	0.001
0.940	0.001	0.058	0.001
0.001	0.001	0.001	0.997
0.001	0.997	0.001	0.001
0.997	0.001	0.001	0.001
0.001	0.001	0.997	0.001
>GCACWGTGYAGA	1-GCACWGTGYAGA	5.583374	-6154.816696	0	T:60322.0(43.05%),B:36367.9(29.09%),P:1e-2672	Tpos:104.5,Tstd:50.4,Bpos:99.7,Bstd:80.7,StrandBias:0.0,Multiplicity:1.32
0.421	0.003	0.575	0.001
0.003	0.606	0.193	0.198
0.841	0.031	0.077	0.051
0.001	0.825	0.127	0.047
0.432	0.054	0.001	0.513
0.037	0.061	0.901	0.001
0.001	0.001	0.001	0.997
0.273	0.102	0.624	0.001
0.014	0.429	0.076	0.481
0.478	0.013	0.284	0.225
0.140	0.258	0.514	0.088
0.400	0.217	0.148	0.236
>ATCACAGAGTCC	2-ATCACAGAGTCC	13.962053	-1800.402194	0	T:423.0(0.30%),B:2.7(0.00%),P:1e-781	Tpos:104.1,Tstd:50.8,Bpos:42.7,Bstd:33.0,StrandBias:0.3,Multiplicity:1.46
0.872	0.126	0.001	0.001
0.001	0.001	0.001	0.997
0.107	0.891	0.001	0.001
0.946	0.001	0.052	0.001
0.179	0.685	0.135	0.001
0.997	0.001	0.001	0.001
0.001	0.001	0.923	0.075
0.945	0.053	0.001	0.001
0.001	0.001	0.997	0.001
0.053	0.001	0.001	0.945
0.108	0.854	0.001	0.037
0.001	0.997	0.001	0.001
>GAAATGTTTTTC	3-GAAATGTTTTTC	16.546510	-1619.866570	0	T:342.0(0.24%),B:1.9(0.00%),P:1e-703	Tpos:104.2,Tstd:54.6,Bpos:102.6,Bstd:21.3,StrandBias:0.3,Multiplicity:1.37
0.001	0.001	0.997	0.001
0.997	0.001	0.001	0.001
0.986	0.001	0.012	0.001
0.959	0.039	0.001	0.001
0.001	0.001	0.001	0.997
0.001	0.001	0.997	0.001
0.001	0.001	0.001	0.997
0.001	0.001	0.001	0.997
0.004	0.001	0.001	0.994
0.001	0.001	0.001	0.997
0.001	0.001	0.001	0.997
0.001	0.997	0.001	0.001
>CTRTNCTGCYCT	4-CTRTNCTGCYCT	6.489044	-1466.705377	0	T:37905.0(27.05%),B:26230.3(20.98%),P:1e-636	Tpos:101.3,Tstd:53.9,Bpos:100.1,Bstd:69.7,StrandBias:-0.1,Multiplicity:1.20
0.006	0.892	0.030	0.072
0.116	0.149	0.001	0.734
0.427	0.153	0.331	0.089
0.015	0.312	0.065	0.608
0.310	0.273	0.243	0.174
0.014	0.860	0.043	0.083
0.140	0.001	0.001	0.858
0.114	0.136	0.653	0.097
0.018	0.734	0.074	0.174
0.092	0.385	0.001	0.522
0.036	0.784	0.064	0.116
0.090	0.154	0.001	0.755
>GTCADACCTAGT	5-GTCADACCTAGT	11.455671	-1214.604027	0	T:308.0(0.22%),B:2.5(0.00%),P:1e-527	Tpos:98.2,Tstd:51.4,Bpos:113.0,Bstd:51.2,StrandBias:0.2,Multiplicity:1.29
0.042	0.048	0.691	0.219
0.057	0.091	0.040	0.812
0.041	0.652	0.143	0.164
0.694	0.079	0.013	0.214
0.226	0.133	0.280	0.361
0.590	0.038	0.088	0.284
0.030	0.866	0.039	0.065
0.088	0.861	0.015	0.036
0.046	0.077	0.024	0.853
0.786	0.015	0.117	0.082
0.064	0.001	0.885	0.050
0.085	0.058	0.094	0.763
>CCCTGACTCCRC	6-CCCTGACTCCRC	9.297031	-1145.431203	0	T:7275.0(5.19%),B:3543.3(2.83%),P:1e-497	Tpos:102.3,Tstd:52.6,Bpos:99.2,Bstd:76.8,StrandBias:-0.1,Multiplicity:1.20
0.036	0.884	0.052	0.028
0.026	0.836	0.001	0.137
0.163	0.753	0.003	0.081
0.007	0.196	0.009	0.788
0.178	0.127	0.661	0.034
0.620	0.252	0.104	0.024
0.008	0.966	0.015	0.011
0.055	0.105	0.012	0.828
0.003	0.868	0.106	0.023
0.031	0.592	0.007	0.370
0.265	0.152	0.384	0.199
0.022	0.858	0.001	0.119
>CAGCATTGTGGG	7-CAGCATTGTGGG	12.937563	-1058.333068	0	T:461.0(0.33%),B:16.0(0.01%),P:1e-459	Tpos:94.2,Tstd:58.1,Bpos:80.3,Bstd:25.3,StrandBias:0.4,Multiplicity:1.30
0.001	0.997	0.001	0.001
0.997	0.001	0.001	0.001
0.056	0.001	0.942	0.001
0.001	0.997	0.001	0.001
0.970	0.001	0.028	0.001
0.001	0.001	0.001	0.997
0.001	0.001	0.001	0.997
0.001	0.001	0.997	0.001
0.001	0.001	0.001	0.997
0.033	0.001	0.965	0.001
0.001	0.001	0.997	0.001
0.001	0.001	0.997	0.001
>AYAYAYAYAYAY	8-AYAYAYAYAYAY	2.596570	-1011.640734	0	T:69474.0(49.58%),B:54523.9(43.61%),P:1e-439	Tpos:103.4,Tstd:52.2,Bpos:100.6,Bstd:86.2,StrandBias:0.0,Multiplicity:1.62
0.825	0.033	0.091	0.051
0.019	0.497	0.020	0.463
0.870	0.032	0.061	0.037
0.015	0.512	0.018	0.455
0.889	0.028	0.055	0.028
0.016	0.523	0.020	0.441
0.894	0.030	0.044	0.032
0.021	0.516	0.019	0.444
0.884	0.027	0.058	0.031
0.010	0.523	0.028	0.439
0.876	0.023	0.070	0.031
0.019	0.529	0.034	0.418
>ACCGGASAGAAG	9-ACCGGASAGAAG	13.793599	-1009.813930	0	T:446.0(0.32%),B:16.8(0.01%),P:1e-438	Tpos:106.5,Tstd:49.9,Bpos:116.9,Bstd:52.2,StrandBias:0.3,Multiplicity:1.47
0.997	0.001	0.001	0.001
0.001	0.997	0.001	0.001
0.190	0.808	0.001	0.001
0.001	0.001	0.997	0.001
0.001	0.001	0.923	0.075
0.906	0.092	0.001	0.001
0.001	0.432	0.566	0.001
0.840	0.001	0.001	0.158
0.075	0.001	0.923	0.001
0.849	0.075	0.001	0.075
0.997	0.001	0.001	0.001
0.001	0.001	0.997	0.001
>AACCCTAACCCT	10-AACCCTAACCCT	9.487041	-827.843244	0	T:3917.0(2.80%),B:1702.7(1.36%),P:1e-359	Tpos:103.5,Tstd:51.8,Bpos:94.5,Bstd:79.3,StrandBias:-0.1,Multiplicity:1.70
0.801	0.079	0.087	0.033
0.741	0.025	0.024	0.210
0.044	0.793	0.008	0.155
0.017	0.927	0.027	0.029
0.058	0.916	0.001	0.025
0.043	0.020	0.008	0.929
0.870	0.001	0.108	0.021
0.896	0.021	0.036	0.047
0.106	0.680	0.045	0.169
0.064	0.888	0.001	0.047
0.054	0.891	0.001	0.054
0.020	0.135	0.006	0.839
>CATCATGATGCT	11-CATCATGATGCT	6.651115	-794.195676	0	T:20571.0(14.68%),B:13994.0(11.19%),P:1e-344	Tpos:102.7,Tstd:49.0,Bpos:100.8,Bstd:79.5,StrandBias:0.0,Multiplicity:1.23
0.081	0.745	0.082	0.092
0.663	0.130	0.093	0.114
0.101	0.139	0.156	0.604
0.100	0.642	0.152	0.106
0.681	0.134	0.077	0.108
0.087	0.079	0.125	0.709
0.100	0.141	0.666	0.093
0.620	0.147	0.144	0.089
0.090	0.104	0.112	0.694
0.083	0.100	0.730	0.087
0.126	0.611	0.136	0.127
0.146	0.149	0.070	0.635
>CAATSCTTCAGG	12-CAATSCTTCAGG	9.744514	-722.913051	0	T:266.0(0.19%),B:6.4(0.01%),P:1e-313	Tpos:99.1,Tstd:50.7,Bpos:132.2,Bstd:37.0,StrandBias:-0.4,Multiplicity:1.52
0.001	0.997	0.001	0.001
0.996	0.001	0.002	0.001
0.997	0.001	0.001	0.001
0.001	0.001	0.001	0.997
0.001	0.525	0.473	0.001
0.001	0.996	0.002	0.001
0.001	0.001	0.001	0.997
0.001	0.001	0.001	0.997
0.001	0.997	0.001	0.001
0.997	0.001	0.001	0.001
0.001	0.001	0.996	0.002
0.001	0.001	0.997	0.001
>CCTAGCACRTSA	13-CCTAGCACRTSA	9.574234	-682.165524	0	T:4203.0(3.00%),B:2017.4(1.61%),P:1e-296	Tpos:104.0,Tstd:48.1,Bpos:98.7,Bstd:88.4,StrandBias:-0.2,Multiplicity:1.30
0.005	0.919	0.027	0.049
0.030	0.915	0.015	0.040
0.014	0.016	0.047	0.923
0.901	0.001	0.030	0.068
0.053	0.001	0.934	0.012
0.003	0.864	0.034	0.099
0.995	0.003	0.001	0.001
0.001	0.770	0.013	0.216
0.426	0.001	0.534	0.039
0.049	0.047	0.091	0.813
0.065	0.473	0.346	0.116
0.616	0.073	0.277	0.034
>AATGGGMCRGTC	14-AATGGGMCRGTC	12.858395	-641.838336	0	T:264.0(0.19%),B:8.4(0.01%),P:1e-278	Tpos:104.5,Tstd:53.9,Bpos:91.6,Bstd:79.7,StrandBias:-0.4,Multiplicity:1.34
0.997	0.001	0.001	0.001
0.997	0.001	0.001	0.001
0.001	0.054	0.001	0.944
0.001	0.109	0.835	0.055
0.001	0.054	0.944	0.001
0.001	0.001	0.997	0.001
0.480	0.518	0.001	0.001
0.001	0.889	0.055	0.055
0.521	0.001	0.477	0.001
0.001	0.001	0.997	0.001
0.001	0.001	0.001	0.997
0.001	0.997	0.001	0.001
>CATGGCGTATCT	15-CATGGCGTATCT	13.348089	-638.439541	0	T:160.0(0.11%),B:1.4(0.00%),P:1e-277	Tpos:100.1,Tstd:48.4,Bpos:126.0,Bstd:0.0,StrandBias:0.3,Multiplicity:1.00
0.001	0.842	0.062	0.095
0.842	0.156	0.001	0.001
0.001	0.001	0.020	0.978
0.001	0.001	0.883	0.115
0.095	0.095	0.809	0.001
0.107	0.788	0.104	0.001
0.001	0.001	0.997	0.001
0.001	0.094	0.001	0.904
0.997	0.001	0.001	0.001
0.095	0.095	0.021	0.789
0.001	0.997	0.001	0.001
0.001	0.001	0.001	0.997
>CTTTGTTTGGTG	16-CTTTGTTTGGTG	16.595461	-618.628194	0	T:156.0(0.11%),B:1.4(0.00%),P:1e-268	Tpos:107.5,Tstd:53.8,Bpos:86.6,Bstd:4.0,StrandBias:0.4,Multiplicity:1.00
0.001	0.997	0.001	0.001
0.001	0.001	0.001	0.997
0.001	0.001	0.001	0.997
0.001	0.001	0.001	0.997
0.001	0.001	0.997	0.001
0.001	0.001	0.001	0.997
0.001	0.001	0.001	0.997
0.001	0.003	0.001	0.995
0.003	0.001	0.995	0.001
0.001	0.001	0.997	0.001
0.001	0.001	0.001	0.997
0.001	0.001	0.997	0.001
>CTATGTATTCCT	17-CTATGTATTCCT	10.167425	-614.599414	0	T:418.0(0.30%),B:35.7(0.03%),P:1e-266	Tpos:99.4,Tstd:55.6,Bpos:110.2,Bstd:53.5,StrandBias:-0.0,Multiplicity:1.83
0.001	0.961	0.005	0.033
0.001	0.001	0.001	0.997
0.997	0.001	0.001	0.001
0.001	0.001	0.001	0.997
0.014	0.003	0.956	0.027
0.043	0.001	0.001	0.955
0.997	0.001	0.001	0.001
0.001	0.002	0.001	0.996
0.001	0.001	0.001	0.997
0.001	0.943	0.019	0.037
0.001	0.957	0.001	0.041
0.001	0.001	0.003	0.995
>CCGATTTCGATA	18-CCGATTTCGATA	10.829816	-599.734582	0	T:194.0(0.14%),B:3.6(0.00%),P:1e-260	Tpos:99.0,Tstd:52.0,Bpos:131.7,Bstd:25.3,StrandBias:-0.0,Multiplicity:1.05
0.050	0.857	0.046	0.047
0.082	0.700	0.032	0.186
0.080	0.144	0.602	0.174
0.854	0.062	0.034	0.050
0.115	0.136	0.057	0.692
0.048	0.069	0.083	0.800
0.038	0.046	0.047	0.869
0.093	0.695	0.119	0.093
0.075	0.151	0.614	0.160
0.861	0.046	0.053	0.040
0.102	0.079	0.059	0.760
0.699	0.170	0.052	0.079
>GACATAAGCCTC	19-GACATAAGCCTC	13.185817	-548.811820	0	T:195.0(0.14%),B:4.3(0.00%),P:1e-238	Tpos:105.9,Tstd:48.5,Bpos:87.2,Bstd:69.9,StrandBias:0.0,Multiplicity:1.00
0.001	0.111	0.887	0.001
0.997	0.001	0.001	0.001
0.001	0.984	0.014	0.001
0.947	0.001	0.001	0.051
0.001	0.001	0.001	0.997
0.784	0.001	0.214	0.001
0.904	0.001	0.001	0.094
0.001	0.214	0.784	0.001
0.001	0.961	0.001	0.037
0.001	0.747	0.215	0.037
0.001	0.001	0.014	0.984
0.051	0.947	0.001	0.001
>AGCTAACTGCAG	20-AGCTAACTGCAG	10.383854	-524.379332	0	T:159.0(0.11%),B:2.9(0.00%),P:1e-227	Tpos:110.8,Tstd:48.2,Bpos:118.0,Bstd:0.0,StrandBias:-0.2,Multiplicity:1.00
0.997	0.001	0.001	0.001
0.001	0.001	0.997	0.001
0.001	0.997	0.001	0.001
0.001	0.001	0.001	0.997
0.997	0.001	0.001	0.001
0.997	0.001	0.001	0.001
0.001	0.997	0.001	0.001
0.001	0.001	0.001	0.997
0.005	0.001	0.993	0.001
0.001	0.997	0.001	0.001
0.997	0.001	0.001	0.001
0.012	0.002	0.985	0.001
>TCRTACCAATTG	21-TCRTACCAATTG	11.468828	-492.741240	0	T:330.0(0.24%),B:27.9(0.02%),P:1e-213	Tpos:99.4,Tstd:53.5,Bpos:91.9,Bstd:60.4,StrandBias:-0.1,Multiplicity:1.63
0.019	0.016	0.019	0.946
0.009	0.900	0.031	0.060
0.400	0.003	0.416	0.181
0.009	0.009	0.054	0.928
0.953	0.003	0.041	0.003
0.017	0.916	0.009	0.058
0.078	0.605	0.073	0.244
0.518	0.013	0.359	0.110
0.942	0.013	0.004	0.041
0.185	0.166	0.043	0.606
0.064	0.016	0.034	0.886
0.035	0.038	0.687	0.240
>ACATTCACCCTC	22-ACATTCACCCTC	11.288035	-478.725712	0	T:197.0(0.14%),B:6.3(0.01%),P:1e-207	Tpos:104.9,Tstd:49.4,Bpos:138.3,Bstd:20.4,StrandBias:-0.2,Multiplicity:1.17
0.997	0.001	0.001	0.001
0.001	0.997	0.001	0.001
0.997	0.001	0.001	0.001
0.001	0.001	0.001	0.997
0.001	0.001	0.001	0.997
0.001	0.993	0.005	0.001
0.997	0.001	0.001	0.001
0.001	0.997	0.001	0.001
0.001	0.997	0.001	0.001
0.001	0.993	0.005	0.001
0.001	0.013	0.001	0.985
0.001	0.997	0.001	0.001
>TGTGTAGGGGAG	23-TGTGTAGGGGAG	12.383619	-456.555579	0	T:215.0(0.15%),B:9.4(0.01%),P:1e-198	Tpos:99.1,Tstd:50.4,Bpos:79.3,Bstd:19.9,StrandBias:0.1,Multiplicity:1.00
0.001	0.001	0.001	0.997
0.016	0.001	0.977	0.006
0.001	0.001	0.001	0.997
0.001	0.001	0.996	0.002
0.001	0.001	0.001	0.997
0.997	0.001	0.001	0.001
0.006	0.001	0.992	0.001
0.013	0.001	0.985	0.001
0.050	0.001	0.948	0.001
0.016	0.001	0.982	0.001
0.997	0.001	0.001	0.001
0.001	0.001	0.997	0.001
>CTAAGGGCCATA	24-CTAAGGGCCATA	10.292161	-437.973490	0	T:153.0(0.11%),B:3.3(0.00%),P:1e-190	Tpos:97.8,Tstd:52.1,Bpos:126.5,Bstd:42.3,StrandBias:0.6,Multiplicity:1.45
0.001	0.996	0.002	0.001
0.001	0.001	0.001	0.997
0.997	0.001	0.001	0.001
0.997	0.001	0.001	0.001
0.001	0.008	0.990	0.001
0.081	0.001	0.917	0.001
0.001	0.001	0.997	0.001
0.001	0.997	0.001	0.001
0.002	0.996	0.001	0.001
0.993	0.005	0.001	0.001
0.001	0.001	0.001	0.997
0.997	0.001	0.001	0.001
>TGGCCCTGATTG	25-TGGCCCTGATTG	12.355432	-255.168429	0	T:92.0(0.07%),B:2.8(0.00%),P:1e-110	Tpos:110.8,Tstd:45.4,Bpos:132.2,Bstd:17.4,StrandBias:0.0,Multiplicity:2.06
0.100	0.100	0.100	0.700
0.100	0.100	0.700	0.100
0.100	0.100	0.700	0.100
0.100	0.700	0.100	0.100
0.100	0.700	0.100	0.100
0.100	0.700	0.100	0.100
0.100	0.100	0.100	0.700
0.100	0.100	0.700	0.100
0.700	0.100	0.100	0.100
0.100	0.100	0.100	0.700
0.100	0.100	0.100	0.700
0.100	0.100	0.700	0.100
>CACDGTGC	1-CACDGTGC	5.639977	-4204.937122	0	T:59324.0(42.33%),B:38403.9(30.72%),P:1e-1826	Tpos:103.7,Tstd:51.3,Bpos:99.8,Bstd:82.5,StrandBias:-0.0,Multiplicity:1.34
0.055	0.561	0.145	0.239
0.957	0.001	0.041	0.001
0.001	0.717	0.093	0.189
0.340	0.112	0.244	0.303
0.076	0.195	0.728	0.001
0.001	0.092	0.001	0.906
0.179	0.112	0.708	0.001
0.001	0.692	0.001	0.306
>RYRSWGYV	2-RYRSWGYV	4.975347	-2997.059858	0	T:65463.0(46.71%),B:45768.0(36.61%),P:1e-1301	Tpos:102.9,Tstd:52.8,Bpos:99.7,Bstd:81.6,StrandBias:-0.0,Multiplicity:1.19
0.486	0.001	0.512	0.001
0.001	0.547	0.001	0.451
0.426	0.090	0.324	0.160
0.001	0.567	0.431	0.001
0.285	0.203	0.102	0.411
0.068	0.036	0.895	0.001
0.059	0.490	0.074	0.376
0.328	0.251	0.324	0.097
>RTGTRTAT	3-RTGTRTAT	4.651508	-2382.941223	0	T:82694.0(59.01%),B:62294.3(49.82%),P:1e-1034	Tpos:104.2,Tstd:52.5,Bpos:100.4,Bstd:87.7,StrandBias:0.0,Multiplicity:1.87
0.372	0.205	0.423	0.001
0.001	0.008	0.001	0.990
0.382	0.001	0.616	0.001
0.001	0.001	0.001	0.997
0.460	0.001	0.538	0.001
0.001	0.156	0.105	0.738
0.687	0.001	0.311	0.001
0.001	0.302	0.050	0.647
>CTATACTG	4-CTATACTG	5.436028	-2297.765515	0	T:60619.0(43.26%),B:43152.6(34.51%),P:1e-997	Tpos:101.5,Tstd:55.6,Bpos:99.8,Bstd:76.5,StrandBias:-0.0,Multiplicity:1.31
0.030	0.936	0.033	0.001
0.001	0.060	0.001	0.938
0.602	0.001	0.396	0.001
0.001	0.135	0.214	0.650
0.549	0.312	0.001	0.138
0.001	0.981	0.017	0.001
0.178	0.011	0.023	0.788
0.127	0.049	0.823	0.001
>AGGGTGTA	5-AGGGTGTA	4.924483	-1522.764439	0	T:68305.0(48.74%),B:51816.3(41.44%),P:1e-661	Tpos:101.1,Tstd:55.5,Bpos:100.5,Bstd:77.5,StrandBias:0.0,Multiplicity:1.21
0.839	0.024	0.128	0.009
0.064	0.095	0.610	0.231
0.047	0.041	0.827	0.085
0.080	0.028	0.888	0.004
0.149	0.156	0.053	0.642
0.075	0.175	0.720	0.030
0.021	0.079	0.069	0.831
0.645	0.153	0.145	0.057
>RYVRTRCN	6-RYVRTRCN	4.213773	-1495.333290	0	T:66775.0(47.65%),B:50559.2(40.44%),P:1e-649	Tpos:102.6,Tstd:53.0,Bpos:99.3,Bstd:78.6,StrandBias:-0.0,Multiplicity:1.39
0.448	0.072	0.393	0.087
0.031	0.433	0.228	0.308
0.309	0.380	0.310	0.001
0.361	0.136	0.469	0.034
0.032	0.193	0.067	0.708
0.368	0.127	0.488	0.017
0.018	0.647	0.156	0.179
0.289	0.259	0.299	0.153
>CWCTMTCY	7-CWCTMTCY	5.846062	-1159.778989	0	T:63842.0(45.56%),B:49059.2(39.24%),P:1e-503	Tpos:101.1,Tstd:55.4,Bpos:100.2,Bstd:70.8,StrandBias:0.0,Multiplicity:1.32
0.001	0.997	0.001	0.001
0.432	0.028	0.038	0.502
0.020	0.881	0.098	0.001
0.265	0.191	0.123	0.421
0.303	0.438	0.230	0.029
0.001	0.364	0.001	0.634
0.341	0.603	0.034	0.022
0.001	0.564	0.001	0.434
>ACTGTCCT	8-ACTGTCCT	5.650529	-983.272811	0	T:37755.0(26.94%),B:27417.7(21.93%),P:1e-427	Tpos:100.4,Tstd:55.9,Bpos:99.5,Bstd:71.3,StrandBias:-0.0,Multiplicity:1.11
0.699	0.077	0.090	0.134
0.027	0.785	0.086	0.102
0.123	0.078	0.057	0.742
0.081	0.149	0.629	0.141
0.091	0.164	0.074	0.671
0.074	0.767	0.078	0.081
0.028	0.911	0.004	0.057
0.093	0.059	0.052	0.796
>GCACAYCA	9-GCACAYCA	5.894578	-960.223090	0	T:26842.0(19.15%),B:18566.3(14.85%),P:1e-417	Tpos:102.2,Tstd:53.0,Bpos:98.7,Bstd:84.1,StrandBias:0.0,Multiplicity:1.11
0.285	0.020	0.694	0.001
0.001	0.710	0.001	0.288
0.906	0.001	0.092	0.001
0.001	0.710	0.131	0.158
0.525	0.062	0.370	0.043
0.213	0.455	0.001	0.331
0.001	0.535	0.255	0.209
0.584	0.142	0.188	0.086
>ACAMTGNT	10-ACAMTGNT	6.524943	-896.675996	0	T:27510.0(19.63%),B:19275.4(15.42%),P:1e-389	Tpos:100.6,Tstd:56.0,Bpos:100.6,Bstd:77.6,StrandBias:0.0,Multiplicity:1.06
0.538	0.138	0.293	0.031
0.051	0.555	0.120	0.274
0.997	0.001	0.001	0.001
0.422	0.495	0.001	0.082
0.001	0.046	0.001	0.952
0.077	0.324	0.598	0.001
0.239	0.324	0.252	0.185
0.001	0.001	0.001	0.997
>GCRTCATG	11-GCRTCATG	6.008533	-877.711530	0	T:30114.0(21.49%),B:21444.1(17.15%),P:1e-381	Tpos:102.9,Tstd:51.3,Bpos:100.8,Bstd:80.3,StrandBias:0.0,Multiplicity:1.31
0.105	0.066	0.672	0.157
0.165	0.597	0.184	0.054
0.410	0.072	0.517	0.001
0.001	0.174	0.001	0.824
0.221	0.703	0.013	0.063
0.819	0.016	0.164	0.001
0.006	0.062	0.328	0.604
0.148	0.141	0.696	0.015
>TAGGGTTA	12-TAGGGTTA	6.131909	-690.794731	0	T:23990.0(17.12%),B:17018.4(13.61%),P:1e-300	Tpos:102.3,Tstd:54.1,Bpos:100.2,Bstd:80.4,StrandBias:0.1,Multiplicity:1.38
0.063	0.084	0.102	0.751
0.957	0.001	0.025	0.017
0.063	0.057	0.857	0.023
0.059	0.062	0.788	0.091
0.118	0.102	0.757	0.023
0.051	0.223	0.174	0.552
0.081	0.043	0.121	0.755
0.583	0.156	0.156	0.105
>CATGCCCT	13-CATGCCCT	6.802494	-514.549842	0	T:24576.0(17.54%),B:18071.7(14.45%),P:1e-223	Tpos:101.7,Tstd:54.3,Bpos:100.4,Bstd:74.1,StrandBias:0.0,Multiplicity:1.12
0.001	0.939	0.059	0.001
0.997	0.001	0.001	0.001
0.183	0.001	0.001	0.815
0.001	0.398	0.600	0.001
0.040	0.859	0.019	0.082
0.021	0.970	0.008	0.001
0.001	0.909	0.031	0.059
0.011	0.050	0.019	0.920
>GMGCGTCA	14-GMGCGTCA	6.752046	-471.109825	0	T:9421.0(6.72%),B:6088.4(4.87%),P:1e-204	Tpos:101.7,Tstd:52.4,Bpos:99.8,Bstd:79.2,StrandBias:-0.1,Multiplicity:1.09
0.001	0.156	0.695	0.148
0.390	0.314	0.231	0.065
0.282	0.001	0.716	0.001
0.001	0.997	0.001	0.001
0.174	0.001	0.824	0.001
0.001	0.257	0.001	0.741
0.272	0.726	0.001	0.001
0.721	0.031	0.185	0.063
>GAGGAGTG	15-GAGGAGTG	6.621186	-408.327080	0	T:22182.0(15.83%),B:16492.2(13.19%),P:1e-177	Tpos:101.6,Tstd:54.6,Bpos:99.2,Bstd:70.2,StrandBias:-0.0,Multiplicity:1.14
0.143	0.017	0.716	0.124
0.717	0.054	0.100	0.129
0.096	0.062	0.804	0.038
0.010	0.063	0.865	0.062
0.806	0.090	0.048	0.056
0.072	0.128	0.702	0.098
0.131	0.018	0.249	0.602
0.106	0.061	0.789	0.044
>CATGCTCC	16-CATGCTCC	6.981191	-397.720904	0	T:16340.0(11.66%),B:11752.3(9.40%),P:1e-172	Tpos:102.6,Tstd:53.8,Bpos:101.1,Bstd:77.2,StrandBias:-0.0,Multiplicity:1.08
0.001	0.967	0.001	0.031
0.920	0.001	0.078	0.001
0.001	0.001	0.001	0.997
0.034	0.001	0.964	0.001
0.001	0.897	0.101	0.001
0.076	0.001	0.001	0.922
0.001	0.891	0.107	0.001
0.185	0.813	0.001	0.001
>TAACAATG	17-TAACAATG	8.739725	-366.346992	0	T:5588.0(3.99%),B:3421.5(2.74%),P:1e-159	Tpos:103.2,Tstd:49.8,Bpos:96.1,Bstd:77.4,StrandBias:-0.0,Multiplicity:1.18
0.001	0.001	0.001	0.997
0.738	0.260	0.001	0.001
0.997	0.001	0.001	0.001
0.001	0.997	0.001	0.001
0.950	0.001	0.048	0.001
0.997	0.001	0.001	0.001
0.001	0.014	0.138	0.847
0.001	0.001	0.997	0.001
>CCTACACA	18-CCTACACA	8.604218	-310.053048	0	T:3739.0(2.67%),B:2172.1(1.74%),P:1e-134	Tpos:100.2,Tstd:53.3,Bpos:101.2,Bstd:77.3,StrandBias:-0.1,Multiplicity:1.00
0.001	0.997	0.001	0.001
0.001	0.997	0.001	0.001
0.001	0.001	0.001	0.997
0.997	0.001	0.001	0.001
0.001	0.913	0.001	0.085
0.997	0.001	0.001	0.001
0.001	0.997	0.001	0.001
0.997	0.001	0.001	0.001
>CCTCCTTC	19-CCTCCTTC	7.977190	-305.291517	0	T:12423.0(8.87%),B:8901.4(7.12%),P:1e-132	Tpos:101.2,Tstd:56.1,Bpos:101.4,Bstd:57.7,StrandBias:0.0,Multiplicity:1.31
0.081	0.899	0.001	0.019
0.001	0.768	0.001	0.230
0.014	0.043	0.305	0.638
0.035	0.659	0.001	0.305
0.001	0.997	0.001	0.001
0.001	0.386	0.001	0.612
0.001	0.163	0.001	0.835
0.001	0.997	0.001	0.001
>GCGTATGT	20-GCGTATGT	7.835966	-208.061667	0	T:3858.0(2.75%),B:2450.7(1.96%),P:1e-90	Tpos:98.6,Tstd:53.2,Bpos:104.6,Bstd:78.2,StrandBias:0.0,Multiplicity:1.10
0.068	0.001	0.930	0.001
0.001	0.876	0.122	0.001
0.249	0.001	0.746	0.004
0.001	0.001	0.001	0.997
0.824	0.001	0.174	0.001
0.001	0.191	0.001	0.807
0.001	0.300	0.554	0.145
0.054	0.001	0.126	0.819
>CCTATCCC	21-CCTATCCC	8.655867	-192.169912	0	T:3381.0(2.41%),B:2126.2(1.70%),P:1e-83	Tpos:100.8,Tstd:54.9,Bpos:96.9,Bstd:70.0,StrandBias:0.0,Multiplicity:1.15
0.001	0.997	0.001	0.001
0.001	0.997	0.001	0.001
0.001	0.001	0.045	0.953
0.997	0.001	0.001	0.001
0.001	0.001	0.123	0.875
0.001	0.997	0.001	0.001
0.001	0.997	0.001	0.001
0.207	0.759	0.033	0.001
>GAGGAGGA	22-GAGGAGGA	7.033976	-186.454757	0	T:20973.0(14.97%),B:16512.8(13.21%),P:1e-80	Tpos:98.5,Tstd:56.3,Bpos:100.6,Bstd:59.9,StrandBias:-0.0,Multiplicity:1.22
0.001	0.001	0.997	0.001
0.769	0.229	0.001	0.001
0.248	0.267	0.456	0.029
0.013	0.001	0.985	0.001
0.907	0.051	0.041	0.001
0.112	0.234	0.643	0.011
0.014	0.001	0.978	0.007
0.506	0.008	0.244	0.242
>GTCTGACC	23-GTCTGACC	7.610860	-149.817381	0	T:3689.0(2.63%),B:2458.1(1.97%),P:1e-65	Tpos:99.5,Tstd:55.4,Bpos:99.5,Bstd:73.2,StrandBias:0.0,Multiplicity:1.05
0.093	0.001	0.905	0.001
0.001	0.387	0.001	0.611
0.299	0.596	0.104	0.001
0.212	0.202	0.001	0.585
0.001	0.001	0.997	0.001
0.694	0.104	0.001	0.201
0.201	0.797	0.001	0.001
0.001	0.800	0.196	0.003
>GCGCGCGC	24-GCGCGCGC	7.888409	-114.763901	0	T:1977.0(1.41%),B:1239.6(0.99%),P:1e-49	Tpos:103.1,Tstd:51.7,Bpos:99.9,Bstd:70.0,StrandBias:-0.0,Multiplicity:1.25
0.001	0.001	0.997	0.001
0.001	0.910	0.001	0.088
0.046	0.001	0.952	0.001
0.001	0.997	0.001	0.001
0.137	0.046	0.816	0.001
0.029	0.884	0.086	0.001
0.001	0.001	0.959	0.039
0.001	0.702	0.271	0.026
>GACTGTCC	25-GACTGTCC	8.236954	-33.604272	0	T:1196.0(0.85%),B:844.0(0.68%),P:1e-14	Tpos:96.0,Tstd:52.4,Bpos:52.3,Bstd:51.2,StrandBias:0.5,Multiplicity:1.41
0.100	0.100	0.700	0.100
0.700	0.100	0.100	0.100
0.100	0.700	0.100	0.100
0.100	0.100	0.100	0.700
0.100	0.100	0.700	0.100
0.100	0.100	0.100	0.700
0.100	0.700	0.100	0.100
0.100	0.700	0.100	0.100
