>GGGCGGGGCY	1-GGGCGGGGCY	9.019406	-2506.221099	0	T:2814.0(13.64%),B:743.8(2.63%),P:1e-1088	Tpos:102.1,Tstd:52.1,Bpos:99.6,Bstd:64.9,StrandBias:-0.1,Multiplicity:1.45
0.385	0.001	0.613	0.001
0.001	0.001	0.997	0.001
0.001	0.001	0.997	0.001
0.001	0.997	0.001	0.001
0.001	0.001	0.997	0.001
0.001	0.001	0.711	0.287
0.099	0.001	0.899	0.001
0.208	0.087	0.704	0.001
0.256	0.505	0.001	0.238
0.087	0.330	0.103	0.480
>TGATTGGCYG	2-TGATTGGCYG	8.375144	-1847.479198	0	T:2140.0(10.38%),B:576.7(2.04%),P:1e-802	Tpos:102.0,Tstd:50.5,Bpos:95.6,Bstd:61.8,StrandBias:-0.1,Multiplicity:1.34
0.001	0.307	0.055	0.637
0.001	0.142	0.856	0.001
0.997	0.001	0.001	0.001
0.001	0.001	0.001	0.997
0.001	0.001	0.001	0.997
0.001	0.001	0.997	0.001
0.001	0.001	0.997	0.001
0.197	0.534	0.001	0.268
0.018	0.397	0.161	0.425
0.219	0.235	0.545	0.001
>CGCATGCGCA	3-CGCATGCGCA	9.474951	-1568.212160	0	T:1467.0(7.11%),B:305.9(1.08%),P:1e-681	Tpos:101.8,Tstd:52.7,Bpos:97.9,Bstd:74.2,StrandBias:-0.0,Multiplicity:1.31
0.045	0.953	0.001	0.001
0.006	0.001	0.992	0.001
0.001	0.997	0.001	0.001
0.912	0.042	0.041	0.005
0.013	0.032	0.040	0.915
0.001	0.001	0.997	0.001
0.001	0.994	0.001	0.004
0.001	0.001	0.981	0.017
0.001	0.971	0.002	0.026
0.625	0.115	0.202	0.058
>KGTSACGTGA	4-KGTSACGTGA	7.881252	-863.042907	0	T:1200.0(5.82%),B:380.3(1.34%),P:1e-374	Tpos:101.1,Tstd:50.6,Bpos:98.6,Bstd:66.1,StrandBias:-0.0,Multiplicity:1.15
0.207	0.171	0.384	0.238
0.119	0.244	0.566	0.071
0.071	0.197	0.021	0.711
0.006	0.538	0.427	0.029
0.989	0.001	0.009	0.001
0.001	0.970	0.028	0.001
0.001	0.007	0.936	0.056
0.023	0.141	0.001	0.835
0.163	0.339	0.497	0.001
0.719	0.001	0.220	0.060
>TCCCACAATG	5-TCCCACAATG	12.874696	-685.761621	0	T:246.0(1.19%),B:8.5(0.03%),P:1e-297	Tpos:102.1,Tstd:55.8,Bpos:146.0,Bstd:46.2,StrandBias:-0.6,Multiplicity:1.48
0.001	0.001	0.001	0.997
0.001	0.997	0.001	0.001
0.001	0.997	0.001	0.001
0.001	0.600	0.398	0.001
0.997	0.001	0.001	0.001
0.001	0.997	0.001	0.001
0.997	0.001	0.001	0.001
0.997	0.001	0.001	0.001
0.001	0.040	0.001	0.958
0.001	0.001	0.997	0.001
>TCCTATTGGC	6-TCCTATTGGC	8.308046	-666.896207	0	T:1180.0(5.72%),B:458.9(1.62%),P:1e-289	Tpos:102.8,Tstd:52.8,Bpos:99.3,Bstd:60.5,StrandBias:-0.1,Multiplicity:1.11
0.001	0.189	0.327	0.483
0.027	0.633	0.084	0.256
0.151	0.760	0.003	0.086
0.001	0.298	0.076	0.625
0.997	0.001	0.001	0.001
0.001	0.002	0.207	0.790
0.076	0.003	0.116	0.805
0.079	0.018	0.902	0.001
0.074	0.083	0.842	0.001
0.161	0.654	0.045	0.140
>GTCATACCTA	7-GTCATACCTA	11.594831	-605.692753	0	T:251.0(1.22%),B:12.5(0.04%),P:1e-263	Tpos:101.6,Tstd:52.0,Bpos:99.0,Bstd:58.7,StrandBias:0.3,Multiplicity:1.28
0.001	0.002	0.996	0.001
0.001	0.001	0.001	0.997
0.001	0.997	0.001	0.001
0.997	0.001	0.001	0.001
0.217	0.174	0.157	0.452
0.997	0.001	0.001	0.001
0.001	0.997	0.001	0.001
0.001	0.997	0.001	0.001
0.254	0.005	0.065	0.676
0.997	0.001	0.001	0.001
>TCAGAGAGTC	8-TCAGAGAGTC	10.296193	-524.384219	0	T:169.0(0.82%),B:4.7(0.02%),P:1e-227	Tpos:99.7,Tstd:51.9,Bpos:123.0,Bstd:45.7,StrandBias:0.2,Multiplicity:1.44
0.100	0.100	0.100	0.700
0.100	0.700	0.100	0.100
0.700	0.100	0.100	0.100
0.100	0.100	0.700	0.100
0.700	0.100	0.100	0.100
0.100	0.100	0.700	0.100
0.700	0.100	0.100	0.100
0.100	0.100	0.700	0.100
0.100	0.100	0.100	0.700
0.100	0.700	0.100	0.100
>TCTCTATGGT	9-TCTCTATGGT	9.116195	-508.038248	0	T:599.0(2.90%),B:160.3(0.57%),P:1e-220	Tpos:104.6,Tstd:52.4,Bpos:99.8,Bstd:64.8,StrandBias:-0.1,Multiplicity:1.24
0.103	0.089	0.029	0.779
0.001	0.978	0.007	0.014
0.001	0.001	0.001	0.997
0.001	0.984	0.004	0.011
0.001	0.001	0.001	0.997
0.990	0.001	0.008	0.001
0.027	0.001	0.006	0.966
0.019	0.010	0.970	0.001
0.033	0.001	0.922	0.044
0.042	0.103	0.074	0.781
>ACCGGAAGTR	10-ACCGGAAGTR	9.347555	-501.094146	0	T:745.0(3.61%),B:249.2(0.88%),P:1e-217	Tpos:101.6,Tstd:51.8,Bpos:108.2,Bstd:64.1,StrandBias:0.1,Multiplicity:1.24
0.542	0.095	0.298	0.065
0.001	0.888	0.110	0.001
0.037	0.926	0.036	0.001
0.001	0.001	0.997	0.001
0.001	0.001	0.997	0.001
0.997	0.001	0.001	0.001
0.997	0.001	0.001	0.001
0.136	0.001	0.862	0.001
0.041	0.117	0.001	0.841
0.351	0.042	0.448	0.160
>GAATCCATAC	11-GAATCCATAC	11.222684	-461.450241	0	T:184.0(0.89%),B:8.4(0.03%),P:1e-200	Tpos:106.0,Tstd:51.9,Bpos:98.7,Bstd:57.6,StrandBias:0.8,Multiplicity:1.59
0.001	0.001	0.997	0.001
0.997	0.001	0.001	0.001
0.701	0.001	0.297	0.001
0.001	0.001	0.343	0.655
0.329	0.669	0.001	0.001
0.001	0.997	0.001	0.001
0.997	0.001	0.001	0.001
0.001	0.330	0.001	0.668
0.997	0.001	0.001	0.001
0.001	0.674	0.324	0.001
>AATGTTTTTC	12-AATGTTTTTC	9.230732	-404.054464	0	T:161.0(0.78%),B:7.7(0.03%),P:1e-175	Tpos:108.7,Tstd:53.5,Bpos:107.7,Bstd:52.9,StrandBias:0.4,Multiplicity:1.40
0.997	0.001	0.001	0.001
0.997	0.001	0.001	0.001
0.001	0.010	0.001	0.988
0.001	0.001	0.997	0.001
0.001	0.001	0.001	0.997
0.001	0.001	0.001	0.997
0.001	0.001	0.001	0.997
0.001	0.001	0.001	0.997
0.001	0.001	0.001	0.997
0.001	0.997	0.001	0.001
>CTATGTAATC	13-CTATGTAATC	12.771778	-392.292530	0	T:151.0(0.73%),B:6.7(0.02%),P:1e-170	Tpos:98.6,Tstd:56.4,Bpos:93.5,Bstd:46.4,StrandBias:-0.4,Multiplicity:1.92
0.001	0.997	0.001	0.001
0.001	0.001	0.001	0.997
0.997	0.001	0.001	0.001
0.001	0.001	0.001	0.997
0.001	0.001	0.997	0.001
0.001	0.001	0.001	0.997
0.997	0.001	0.001	0.001
0.643	0.001	0.001	0.355
0.001	0.029	0.001	0.969
0.001	0.997	0.001	0.001
>CACACAGGAG	14-CACACAGGAG	10.296193	-370.526222	0	T:221.0(1.07%),B:23.0(0.08%),P:1e-160	Tpos:107.6,Tstd:51.6,Bpos:80.5,Bstd:60.4,StrandBias:0.7,Multiplicity:1.50
0.100	0.700	0.100	0.100
0.700	0.100	0.100	0.100
0.100	0.700	0.100	0.100
0.700	0.100	0.100	0.100
0.100	0.700	0.100	0.100
0.700	0.100	0.100	0.100
0.100	0.100	0.700	0.100
0.100	0.100	0.700	0.100
0.700	0.100	0.100	0.100
0.100	0.100	0.700	0.100
>KCKCKCTCKC	15-KCKCKCTCKC	6.459948	-356.836804	0	T:5007.0(24.28%),B:4812.4(16.98%),P:1e-154	Tpos:99.3,Tstd:55.4,Bpos:100.5,Bstd:74.7,StrandBias:-0.0,Multiplicity:1.37
0.001	0.214	0.346	0.439
0.001	0.536	0.243	0.220
0.001	0.178	0.418	0.403
0.001	0.929	0.001	0.069
0.001	0.001	0.512	0.486
0.001	0.880	0.001	0.118
0.001	0.001	0.418	0.580
0.001	0.665	0.194	0.140
0.001	0.105	0.381	0.513
0.001	0.656	0.209	0.134
>GACTCTCTAG	16-GACTCTCTAG	11.770176	-329.776805	0	T:264.0(1.28%),B:44.1(0.16%),P:1e-143	Tpos:98.0,Tstd:56.5,Bpos:102.2,Bstd:74.9,StrandBias:0.1,Multiplicity:1.41
0.001	0.001	0.997	0.001
0.997	0.001	0.001	0.001
0.001	0.997	0.001	0.001
0.001	0.001	0.419	0.579
0.001	0.997	0.001	0.001
0.001	0.001	0.001	0.997
0.121	0.877	0.001	0.001
0.001	0.183	0.001	0.815
0.495	0.012	0.310	0.184
0.001	0.001	0.976	0.022
>AAGTCACAAT	17-AAGTCACAAT	10.296193	-235.401842	0	T:93.0(0.45%),B:4.8(0.02%),P:1e-102	Tpos:92.9,Tstd:51.7,Bpos:118.9,Bstd:56.4,StrandBias:-0.2,Multiplicity:1.27
0.700	0.100	0.100	0.100
0.700	0.100	0.100	0.100
0.100	0.100	0.700	0.100
0.100	0.100	0.100	0.700
0.100	0.700	0.100	0.100
0.700	0.100	0.100	0.100
0.100	0.700	0.100	0.100
0.700	0.100	0.100	0.100
0.700	0.100	0.100	0.100
0.100	0.100	0.100	0.700
>ACCTATCCAA	18-ACCTATCCAA	10.296193	-224.380834	0	T:83.0(0.40%),B:3.5(0.01%),P:1e-97	Tpos:104.7,Tstd:52.9,Bpos:146.8,Bstd:26.7,StrandBias:0.6,Multiplicity:1.05
0.700	0.100	0.100	0.100
0.100	0.700	0.100	0.100
0.100	0.700	0.100	0.100
0.100	0.100	0.100	0.700
0.700	0.100	0.100	0.100
0.100	0.100	0.100	0.700
0.100	0.700	0.100	0.100
0.100	0.700	0.100	0.100
0.700	0.100	0.100	0.100
0.700	0.100	0.100	0.100
>KGCTGATGCT	19-KGCTGATGCT	9.471037	-219.318520	0	T:1251.0(6.07%),B:910.8(3.21%),P:1e-95	Tpos:96.1,Tstd:55.6,Bpos:98.0,Bstd:58.9,StrandBias:0.2,Multiplicity:1.12
0.001	0.001	0.573	0.425
0.126	0.298	0.575	0.001
0.001	0.863	0.135	0.001
0.001	0.001	0.001	0.997
0.001	0.001	0.997	0.001
0.583	0.415	0.001	0.001
0.001	0.001	0.001	0.997
0.001	0.001	0.997	0.001
0.001	0.721	0.277	0.001
0.001	0.001	0.001	0.997
>TACATAGAAT	20-TACATAGAAT	13.517073	-186.460207	0	T:65.0(0.32%),B:2.7(0.01%),P:1e-80	Tpos:103.8,Tstd:51.8,Bpos:76.1,Bstd:39.1,StrandBias:-0.3,Multiplicity:1.57
0.001	0.001	0.001	0.997
0.997	0.001	0.001	0.001
0.001	0.997	0.001	0.001
0.997	0.001	0.001	0.001
0.001	0.001	0.001	0.997
0.727	0.271	0.001	0.001
0.001	0.001	0.997	0.001
0.997	0.001	0.001	0.001
0.997	0.001	0.001	0.001
0.001	0.001	0.001	0.997
>TTTTGTGTTC	21-TTTTGTGTTC	13.770830	-185.014663	0	T:97.0(0.47%),B:8.5(0.03%),P:1e-80	Tpos:103.9,Tstd:51.6,Bpos:84.2,Bstd:57.2,StrandBias:-0.7,Multiplicity:1.32
0.001	0.001	0.001	0.997
0.001	0.001	0.001	0.997
0.001	0.001	0.001	0.997
0.001	0.001	0.001	0.997
0.001	0.001	0.997	0.001
0.001	0.061	0.001	0.937
0.001	0.001	0.997	0.001
0.001	0.001	0.001	0.997
0.001	0.001	0.001	0.997
0.001	0.997	0.001	0.001
>ACACACACAC	22-ACACACACAC	6.135054	-182.074564	0	T:2184.0(10.59%),B:1983.9(7.00%),P:1e-79	Tpos:102.5,Tstd:56.6,Bpos:98.8,Bstd:61.0,StrandBias:0.1,Multiplicity:1.18
0.681	0.081	0.147	0.091
0.249	0.402	0.186	0.162
0.746	0.069	0.030	0.155
0.174	0.468	0.205	0.152
0.707	0.109	0.109	0.075
0.151	0.591	0.149	0.109
0.692	0.155	0.058	0.095
0.125	0.555	0.162	0.158
0.662	0.127	0.076	0.135
0.098	0.524	0.219	0.159
>RHTCTCGCGA	23-RHTCTCGCGA	10.173305	-180.930964	0	T:196.0(0.95%),B:48.3(0.17%),P:1e-78	Tpos:98.5,Tstd:52.0,Bpos:102.1,Bstd:90.2,StrandBias:0.1,Multiplicity:1.25
0.422	0.236	0.317	0.025
0.353	0.233	0.160	0.255
0.006	0.064	0.038	0.892
0.084	0.896	0.013	0.007
0.014	0.061	0.011	0.914
0.016	0.981	0.001	0.002
0.007	0.025	0.943	0.025
0.024	0.953	0.014	0.009
0.030	0.018	0.904	0.048
0.846	0.015	0.095	0.044
>ATCAAAATCG	24-ATCAAAATCG	10.602606	-153.462691	0	T:105.0(0.51%),B:14.3(0.05%),P:1e-66	Tpos:98.3,Tstd:52.1,Bpos:97.7,Bstd:33.5,StrandBias:0.4,Multiplicity:1.56
0.970	0.028	0.001	0.001
0.001	0.177	0.001	0.821
0.001	0.810	0.188	0.001
0.852	0.001	0.144	0.003
0.967	0.003	0.029	0.001
0.607	0.001	0.029	0.363
0.970	0.001	0.001	0.028
0.028	0.003	0.001	0.968
0.028	0.970	0.001	0.001
0.029	0.001	0.941	0.029
>TAGTCCCTTC	25-TAGTCCCTTC	10.296193	-120.624984	0	T:47.0(0.23%),B:2.7(0.01%),P:1e-52	Tpos:106.7,Tstd:51.2,Bpos:171.8,Bstd:21.5,StrandBias:-0.6,Multiplicity:1.62
0.100	0.100	0.100	0.700
0.700	0.100	0.100	0.100
0.100	0.100	0.700	0.100
0.100	0.100	0.100	0.700
0.100	0.700	0.100	0.100
0.100	0.700	0.100	0.100
0.100	0.700	0.100	0.100
0.100	0.100	0.100	0.700
0.100	0.100	0.100	0.700
0.100	0.700	0.100	0.100
>GCCCCGCCCCCT	1-GCCCCGCCCCCT	9.967085	-2298.667855	0	T:2662.0(12.91%),B:724.8(2.56%),P:1e-998	Tpos:102.4,Tstd:51.5,Bpos:102.6,Bstd:66.7,StrandBias:0.1,Multiplicity:1.42
0.160	0.005	0.778	0.057
0.020	0.928	0.014	0.038
0.017	0.864	0.004	0.115
0.285	0.688	0.023	0.004
0.001	0.993	0.004	0.002
0.043	0.001	0.853	0.103
0.001	0.997	0.001	0.001
0.001	0.997	0.001	0.001
0.001	0.765	0.001	0.233
0.288	0.584	0.012	0.116
0.023	0.581	0.080	0.316
0.049	0.368	0.061	0.522
>YCCKATTGGCYG	2-YCCKATTGGCYG	8.466556	-2024.265991	0	T:2572.0(12.47%),B:767.5(2.71%),P:1e-879	Tpos:102.8,Tstd:49.7,Bpos:100.1,Bstd:60.8,StrandBias:-0.1,Multiplicity:1.40
0.001	0.374	0.218	0.406
0.001	0.469	0.258	0.272
0.001	0.547	0.089	0.363
0.001	0.264	0.441	0.294
0.997	0.001	0.001	0.001
0.001	0.001	0.001	0.997
0.001	0.001	0.001	0.997
0.001	0.001	0.997	0.001
0.001	0.001	0.997	0.001
0.155	0.521	0.081	0.243
0.085	0.350	0.193	0.371
0.238	0.181	0.562	0.019
>GCGCATGCGCRV	3-GCGCATGCGCRV	11.062453	-1568.396101	0	T:1335.0(6.47%),B:245.5(0.87%),P:1e-681	Tpos:102.0,Tstd:52.4,Bpos:99.5,Bstd:75.3,StrandBias:0.0,Multiplicity:1.27
0.076	0.027	0.896	0.001
0.072	0.906	0.008	0.014
0.013	0.002	0.982	0.003
0.002	0.996	0.001	0.001
0.866	0.069	0.061	0.004
0.007	0.040	0.076	0.877
0.001	0.005	0.993	0.001
0.001	0.984	0.004	0.011
0.014	0.011	0.901	0.074
0.002	0.909	0.022	0.067
0.389	0.186	0.328	0.098
0.197	0.335	0.302	0.166
>AAGCCATACAAA	4-AAGCCATACAAA	12.796555	-945.338458	0	T:203.0(0.98%),B:1.9(0.01%),P:1e-410	Tpos:105.9,Tstd:51.6,Bpos:133.5,Bstd:3.1,StrandBias:0.7,Multiplicity:1.68
0.997	0.001	0.001	0.001
0.997	0.001	0.001	0.001
0.025	0.001	0.973	0.001
0.001	0.996	0.001	0.002
0.001	0.997	0.001	0.001
0.986	0.001	0.008	0.005
0.007	0.077	0.001	0.915
0.989	0.001	0.001	0.009
0.001	0.990	0.001	0.008
0.997	0.001	0.001	0.001
0.997	0.001	0.001	0.001
0.993	0.002	0.004	0.001
>GAGAGTCCACAC	5-GAGAGTCCACAC	13.112765	-900.354663	0	T:195.0(0.95%),B:1.3(0.00%),P:1e-391	Tpos:100.0,Tstd:51.2,Bpos:146.4,Bstd:1.2,StrandBias:0.3,Multiplicity:1.57
0.114	0.001	0.884	0.001
0.997	0.001	0.001	0.001
0.156	0.001	0.842	0.001
0.997	0.001	0.001	0.001
0.001	0.001	0.997	0.001
0.001	0.057	0.115	0.827
0.156	0.728	0.001	0.115
0.001	0.997	0.001	0.001
0.997	0.001	0.001	0.001
0.001	0.826	0.001	0.172
0.997	0.001	0.001	0.001
0.157	0.514	0.172	0.157
>TGCCAGCATTGT	6-TGCCAGCATTGT	12.388171	-875.121405	0	T:217.0(1.05%),B:2.7(0.01%),P:1e-380	Tpos:101.1,Tstd:54.8,Bpos:115.7,Bstd:50.1,StrandBias:0.7,Multiplicity:1.72
0.001	0.001	0.001	0.997
0.089	0.089	0.821	0.001
0.001	0.789	0.209	0.001
0.001	0.997	0.001	0.001
0.579	0.089	0.243	0.089
0.088	0.001	0.910	0.001
0.001	0.997	0.001	0.001
0.821	0.001	0.177	0.001
0.001	0.001	0.001	0.997
0.001	0.001	0.001	0.997
0.001	0.001	0.997	0.001
0.088	0.001	0.001	0.910
>GTSACGTSACMS	7-GTSACGTSACMS	8.754585	-845.305366	0	T:944.0(4.58%),B:239.3(0.84%),P:1e-367	Tpos:101.9,Tstd:50.7,Bpos:96.0,Bstd:67.5,StrandBias:-0.0,Multiplicity:1.12
0.176	0.303	0.490	0.032
0.017	0.219	0.040	0.724
0.001	0.526	0.472	0.001
0.997	0.001	0.001	0.001
0.005	0.944	0.024	0.027
0.018	0.022	0.957	0.003
0.001	0.021	0.001	0.977
0.001	0.468	0.530	0.001
0.758	0.052	0.169	0.021
0.044	0.545	0.239	0.172
0.258	0.383	0.191	0.167
0.191	0.390	0.313	0.106
>GGGAAATGTTTT	8-GGGAAATGTTTT	13.105856	-692.863110	0	T:180.0(0.87%),B:2.5(0.01%),P:1e-300	Tpos:101.6,Tstd:53.4,Bpos:72.6,Bstd:41.1,StrandBias:0.6,Multiplicity:1.47
0.001	0.001	0.980	0.018
0.005	0.001	0.993	0.001
0.043	0.001	0.837	0.119
0.997	0.001	0.001	0.001
0.869	0.001	0.087	0.043
0.869	0.087	0.043	0.001
0.001	0.043	0.260	0.696
0.001	0.043	0.913	0.043
0.001	0.001	0.043	0.955
0.001	0.118	0.001	0.880
0.257	0.043	0.001	0.699
0.001	0.001	0.043	0.955
>CTATGTATTCCT	9-CTATGTATTCCT	11.277872	-627.307417	0	T:145.0(0.70%),B:1.8(0.01%),P:1e-272	Tpos:99.0,Tstd:55.3,Bpos:144.5,Bstd:27.0,StrandBias:-0.4,Multiplicity:1.91
0.001	0.997	0.001	0.001
0.001	0.001	0.001	0.997
0.997	0.001	0.001	0.001
0.001	0.003	0.001	0.995
0.001	0.001	0.997	0.001
0.001	0.005	0.001	0.993
0.993	0.001	0.005	0.001
0.001	0.001	0.001	0.997
0.001	0.001	0.001	0.997
0.001	0.977	0.001	0.021
0.001	0.997	0.001	0.001
0.001	0.001	0.001	0.997
>AGTGATACATCA	10-AGTGATACATCA	10.789883	-555.311623	0	T:151.0(0.73%),B:2.9(0.01%),P:1e-241	Tpos:104.7,Tstd:52.0,Bpos:69.8,Bstd:16.2,StrandBias:0.3,Multiplicity:1.41
0.759	0.021	0.034	0.186
0.105	0.070	0.770	0.055
0.070	0.028	0.166	0.736
0.145	0.070	0.733	0.052
0.815	0.056	0.054	0.075
0.071	0.167	0.105	0.657
0.660	0.057	0.158	0.125
0.053	0.854	0.041	0.052
0.855	0.039	0.045	0.061
0.053	0.132	0.051	0.764
0.214	0.694	0.047	0.045
0.705	0.041	0.217	0.037
>GGGARWTGTAGT	11-GGGARWTGTAGT	9.717629	-505.517280	0	T:1361.0(6.60%),B:702.8(2.48%),P:1e-219	Tpos:102.3,Tstd:55.2,Bpos:103.3,Bstd:58.5,StrandBias:0.0,Multiplicity:1.27
0.018	0.009	0.972	0.001
0.001	0.001	0.997	0.001
0.001	0.001	0.993	0.005
0.762	0.010	0.115	0.113
0.371	0.124	0.378	0.128
0.397	0.118	0.196	0.289
0.116	0.202	0.111	0.571
0.163	0.076	0.760	0.001
0.173	0.139	0.203	0.485
0.928	0.017	0.007	0.048
0.010	0.002	0.865	0.123
0.001	0.005	0.216	0.778
>CGATTTCGATAT	12-CGATTTCGATAT	10.170813	-446.264367	0	T:110.0(0.53%),B:1.6(0.01%),P:1e-193	Tpos:100.7,Tstd:54.3,Bpos:58.2,Bstd:21.4,StrandBias:-0.3,Multiplicity:1.08
0.003	0.974	0.003	0.020
0.055	0.003	0.935	0.007
0.997	0.001	0.001	0.001
0.001	0.002	0.001	0.996
0.013	0.001	0.013	0.973
0.001	0.001	0.002	0.996
0.001	0.969	0.002	0.028
0.055	0.013	0.929	0.003
0.996	0.001	0.001	0.002
0.001	0.002	0.001	0.996
0.995	0.001	0.002	0.002
0.001	0.002	0.001	0.996
>TAACCGGAAGTG	13-TAACCGGAAGTG	9.197239	-437.397014	0	T:545.0(2.64%),B:154.4(0.54%),P:1e-189	Tpos:103.0,Tstd:51.9,Bpos:102.0,Bstd:59.9,StrandBias:0.1,Multiplicity:1.13
0.170	0.079	0.230	0.521
0.544	0.110	0.178	0.168
0.566	0.144	0.215	0.075
0.081	0.771	0.114	0.034
0.109	0.722	0.028	0.141
0.089	0.027	0.847	0.037
0.051	0.024	0.903	0.022
0.855	0.041	0.091	0.013
0.920	0.021	0.030	0.029
0.065	0.053	0.860	0.022
0.052	0.145	0.084	0.719
0.075	0.109	0.773	0.043
>GAAGTCAAACCT	14-GAAGTCAAACCT	12.475863	-427.828587	0	T:123.0(0.60%),B:2.9(0.01%),P:1e-185	Tpos:104.4,Tstd:51.2,Bpos:149.4,Bstd:16.6,StrandBias:0.3,Multiplicity:1.21
0.016	0.004	0.978	0.002
0.961	0.037	0.001	0.001
0.980	0.002	0.016	0.002
0.011	0.001	0.987	0.001
0.001	0.001	0.001	0.997
0.001	0.997	0.001	0.001
0.997	0.001	0.001	0.001
0.498	0.204	0.221	0.077
0.912	0.001	0.056	0.031
0.001	0.997	0.001	0.001
0.001	0.997	0.001	0.001
0.001	0.001	0.001	0.997
>CYRAAKTCACAA	15-CYRAAKTCACAA	8.606880	-379.423378	0	T:112.0(0.54%),B:2.9(0.01%),P:1e-164	Tpos:92.5,Tstd:51.2,Bpos:111.9,Bstd:45.9,StrandBias:-0.5,Multiplicity:1.29
0.088	0.738	0.087	0.087
0.152	0.354	0.049	0.444
0.417	0.079	0.477	0.026
0.696	0.140	0.097	0.067
0.453	0.073	0.213	0.261
0.043	0.106	0.482	0.370
0.106	0.145	0.261	0.488
0.301	0.506	0.097	0.096
0.467	0.130	0.314	0.089
0.315	0.491	0.143	0.051
0.602	0.118	0.078	0.202
0.600	0.103	0.094	0.203
>AATYGGTATGAC	16-AATYGGTATGAC	11.586530	-362.875010	0	T:128.0(0.62%),B:4.3(0.02%),P:1e-157	Tpos:97.4,Tstd:51.6,Bpos:124.8,Bstd:45.4,StrandBias:0.2,Multiplicity:1.48
0.964	0.001	0.016	0.019
0.784	0.010	0.024	0.182
0.040	0.031	0.006	0.923
0.098	0.470	0.003	0.429
0.149	0.006	0.833	0.012
0.037	0.012	0.914	0.037
0.010	0.010	0.013	0.967
0.981	0.010	0.006	0.003
0.015	0.296	0.006	0.683
0.025	0.003	0.966	0.006
0.985	0.006	0.003	0.006
0.016	0.962	0.012	0.010
>AGAGTCAGGGAC	17-AGAGTCAGGGAC	10.641080	-347.764498	0	T:124.0(0.60%),B:4.2(0.01%),P:1e-151	Tpos:95.2,Tstd:56.4,Bpos:77.2,Bstd:44.8,StrandBias:0.1,Multiplicity:1.54
0.989	0.001	0.009	0.001
0.009	0.006	0.984	0.001
0.989	0.001	0.001	0.009
0.001	0.003	0.990	0.006
0.001	0.001	0.001	0.997
0.001	0.997	0.001	0.001
0.990	0.001	0.006	0.003
0.001	0.001	0.997	0.001
0.021	0.001	0.977	0.001
0.006	0.001	0.906	0.087
0.997	0.001	0.001	0.001
0.001	0.997	0.001	0.001
>CATTCACCCTCG	18-CATTCACCCTCG	11.642804	-323.622124	0	T:99.0(0.48%),B:2.9(0.01%),P:1e-140	Tpos:98.1,Tstd:55.7,Bpos:73.4,Bstd:43.7,StrandBias:-0.3,Multiplicity:1.20
0.001	0.948	0.001	0.050
0.997	0.001	0.001	0.001
0.050	0.001	0.001	0.948
0.001	0.001	0.001	0.997
0.001	0.948	0.050	0.001
0.847	0.051	0.051	0.051
0.051	0.897	0.001	0.051
0.001	0.846	0.102	0.051
0.050	0.948	0.001	0.001
0.001	0.001	0.001	0.997
0.051	0.642	0.001	0.306
0.282	0.001	0.716	0.001
>TAGAGCGTCGCC	19-TAGAGCGTCGCC	11.665437	-318.885630	0	T:84.0(0.41%),B:1.8(0.01%),P:1e-138	Tpos:109.7,Tstd:51.8,Bpos:27.0,Bstd:0.0,StrandBias:0.2,Multiplicity:1.48
0.002	0.025	0.002	0.971
0.997	0.001	0.001	0.001
0.001	0.001	0.997	0.001
0.997	0.001	0.001	0.001
0.012	0.002	0.908	0.078
0.001	0.997	0.001	0.001
0.001	0.001	0.997	0.001
0.001	0.001	0.058	0.940
0.001	0.997	0.001	0.001
0.002	0.001	0.732	0.265
0.025	0.971	0.002	0.002
0.012	0.961	0.002	0.025
>AAGGAGCATCAG	20-AAGGAGCATCAG	12.273977	-310.979663	0	T:96.0(0.47%),B:2.3(0.01%),P:1e-135	Tpos:101.4,Tstd:51.4,Bpos:84.9,Bstd:67.8,StrandBias:-0.3,Multiplicity:1.52
0.997	0.001	0.001	0.001
0.997	0.001	0.001	0.001
0.001	0.254	0.744	0.001
0.001	0.102	0.896	0.001
0.997	0.001	0.001	0.001
0.001	0.093	0.905	0.001
0.254	0.744	0.001	0.001
0.997	0.001	0.001	0.001
0.001	0.001	0.001	0.997
0.001	0.713	0.031	0.255
0.997	0.001	0.001	0.001
0.001	0.001	0.997	0.001
>AACACAAAATGG	21-AACACAAAATGG	12.581932	-282.243534	0	T:119.0(0.58%),B:6.8(0.02%),P:1e-122	Tpos:96.2,Tstd:50.7,Bpos:140.6,Bstd:43.8,StrandBias:0.4,Multiplicity:1.61
0.997	0.001	0.001	0.001
0.800	0.001	0.198	0.001
0.001	0.985	0.011	0.003
0.882	0.112	0.005	0.001
0.005	0.993	0.001	0.001
0.997	0.001	0.001	0.001
0.997	0.001	0.001	0.001
0.995	0.001	0.003	0.001
0.997	0.001	0.001	0.001
0.003	0.005	0.001	0.991
0.001	0.001	0.993	0.005
0.003	0.001	0.970	0.026
>CTGAAGSATTGA	22-CTGAAGSATTGA	9.740025	-232.933919	0	T:147.0(0.71%),B:17.5(0.06%),P:1e-101	Tpos:97.6,Tstd:54.3,Bpos:87.3,Bstd:58.3,StrandBias:0.3,Multiplicity:1.73
0.041	0.957	0.001	0.001
0.001	0.001	0.001	0.997
0.001	0.001	0.997	0.001
0.962	0.001	0.036	0.001
0.972	0.001	0.001	0.026
0.053	0.001	0.945	0.001
0.009	0.420	0.570	0.001
0.993	0.001	0.003	0.003
0.001	0.052	0.001	0.946
0.001	0.001	0.001	0.997
0.018	0.003	0.961	0.018
0.977	0.001	0.021	0.001
>ACACACACACAC	23-ACACACACACAC	8.163184	-227.390156	0	T:1522.0(7.38%),B:1172.7(4.14%),P:1e-98	Tpos:102.7,Tstd:56.4,Bpos:97.1,Bstd:60.8,StrandBias:0.1,Multiplicity:1.14
0.748	0.077	0.111	0.064
0.273	0.471	0.155	0.101
0.821	0.020	0.065	0.094
0.131	0.611	0.185	0.073
0.939	0.015	0.011	0.035
0.166	0.698	0.090	0.046
0.967	0.020	0.005	0.008
0.084	0.681	0.169	0.066
0.911	0.054	0.013	0.022
0.124	0.581	0.228	0.067
0.790	0.113	0.048	0.049
0.169	0.456	0.264	0.111
>TAGAATGATTCT	24-TAGAATGATTCT	10.777821	-217.361566	0	T:62.0(0.30%),B:1.3(0.00%),P:1e-94	Tpos:101.0,Tstd:52.4,Bpos:81.2,Bstd:38.5,StrandBias:-0.3,Multiplicity:2.40
0.036	0.059	0.110	0.795
0.700	0.192	0.075	0.033
0.027	0.158	0.645	0.170
0.919	0.033	0.018	0.030
0.901	0.046	0.033	0.020
0.024	0.013	0.058	0.905
0.070	0.098	0.771	0.061
0.487	0.144	0.227	0.143
0.033	0.139	0.033	0.795
0.025	0.044	0.038	0.893
0.045	0.728	0.181	0.046
0.052	0.051	0.205	0.692
>CCCTCCCACCAT	25-CCCTCCCACCAT	16.555936	-117.147585	0	T:46.0(0.22%),B:2.6(0.01%),P:1e-50	Tpos:105.1,Tstd:49.6,Bpos:44.6,Bstd:31.3,StrandBias:0.2,Multiplicity:1.93
0.001	0.997	0.001	0.001
0.001	0.997	0.001	0.001
0.001	0.997	0.001	0.001
0.001	0.001	0.001	0.997
0.001	0.997	0.001	0.001
0.004	0.994	0.001	0.001
0.002	0.995	0.001	0.002
0.997	0.001	0.001	0.001
0.001	0.972	0.026	0.001
0.001	0.984	0.001	0.014
0.997	0.001	0.001	0.001
0.001	0.001	0.001	0.997
>GGCGGGGC	1-GGCGGGGC	7.528586	-1684.070346	0	T:2828.0(13.71%),B:1084.9(3.83%),P:1e-731	Tpos:101.8,Tstd:53.1,Bpos:101.7,Bstd:65.5,StrandBias:-0.1,Multiplicity:1.42
0.001	0.001	0.997	0.001
0.001	0.001	0.997	0.001
0.001	0.997	0.001	0.001
0.001	0.001	0.997	0.001
0.001	0.001	0.615	0.383
0.001	0.001	0.997	0.001
0.047	0.001	0.951	0.001
0.001	0.997	0.001	0.001
>CTGATTGG	2-CTGATTGG	7.124927	-1543.676416	0	T:2229.0(10.81%),B:744.8(2.63%),P:1e-670	Tpos:101.7,Tstd:51.3,Bpos:97.3,Bstd:60.3,StrandBias:-0.1,Multiplicity:1.32
0.001	0.804	0.139	0.056
0.001	0.151	0.001	0.847
0.001	0.081	0.917	0.001
0.997	0.001	0.001	0.001
0.001	0.001	0.001	0.997
0.001	0.001	0.001	0.997
0.001	0.001	0.997	0.001
0.001	0.001	0.997	0.001
>ATTGGCCG	3-ATTGGCCG	7.543017	-1429.248869	0	T:2640.0(12.80%),B:1085.5(3.83%),P:1e-620	Tpos:102.4,Tstd:52.4,Bpos:97.1,Bstd:57.9,StrandBias:0.1,Multiplicity:1.13
0.997	0.001	0.001	0.001
0.038	0.018	0.001	0.943
0.005	0.001	0.001	0.993
0.005	0.001	0.993	0.001
0.013	0.001	0.985	0.001
0.104	0.709	0.068	0.119
0.001	0.621	0.001	0.377
0.038	0.118	0.843	0.001
>GCGCATGC	4-GCGCATGC	8.236954	-1063.097309	0	T:1230.0(5.96%),B:325.4(1.15%),P:1e-461	Tpos:102.1,Tstd:53.1,Bpos:96.8,Bstd:69.0,StrandBias:0.0,Multiplicity:1.27
0.100	0.100	0.700	0.100
0.100	0.700	0.100	0.100
0.100	0.100	0.700	0.100
0.100	0.700	0.100	0.100
0.700	0.100	0.100	0.100
0.100	0.100	0.100	0.700
0.100	0.100	0.700	0.100
0.100	0.700	0.100	0.100
>AGKGGGCG	5-AGKGGGCG	9.110327	-982.151748	0	T:2000.0(9.70%),B:872.3(3.08%),P:1e-426	Tpos:102.1,Tstd:54.8,Bpos:97.7,Bstd:65.9,StrandBias:-0.1,Multiplicity:1.09
0.997	0.001	0.001	0.001
0.001	0.001	0.997	0.001
0.141	0.001	0.482	0.376
0.001	0.001	0.997	0.001
0.001	0.001	0.997	0.001
0.001	0.001	0.997	0.001
0.001	0.997	0.001	0.001
0.001	0.001	0.997	0.001
>TGACGTCA	6-TGACGTCA	8.236954	-551.799385	0	T:638.0(3.09%),B:167.7(0.59%),P:1e-239	Tpos:101.4,Tstd:51.3,Bpos:101.2,Bstd:70.1,StrandBias:0.0,Multiplicity:1.07
0.100	0.100	0.100	0.700
0.100	0.100	0.700	0.100
0.700	0.100	0.100	0.100
0.100	0.700	0.100	0.100
0.100	0.100	0.700	0.100
0.100	0.100	0.100	0.700
0.100	0.700	0.100	0.100
0.700	0.100	0.100	0.100
>GTCACGTG	7-GTCACGTG	9.928209	-482.786399	0	T:528.0(2.56%),B:130.1(0.46%),P:1e-209	Tpos:102.7,Tstd:51.3,Bpos:97.7,Bstd:68.0,StrandBias:0.0,Multiplicity:1.16
0.001	0.384	0.614	0.001
0.001	0.097	0.001	0.901
0.001	0.759	0.239	0.001
0.997	0.001	0.001	0.001
0.001	0.997	0.001	0.001
0.001	0.001	0.997	0.001
0.001	0.001	0.001	0.997
0.001	0.244	0.754	0.001
>ACTTCCGG	8-ACTTCCGG	11.004250	-387.094208	0	T:667.0(3.23%),B:252.7(0.89%),P:1e-168	Tpos:101.4,Tstd:53.3,Bpos:109.5,Bstd:62.8,StrandBias:-0.1,Multiplicity:1.20
0.997	0.001	0.001	0.001
0.001	0.937	0.001	0.061
0.001	0.001	0.001	0.997
0.001	0.001	0.001	0.997
0.001	0.997	0.001	0.001
0.001	0.997	0.001	0.001
0.001	0.001	0.997	0.001
0.001	0.001	0.997	0.001
>CTCNCTYT	9-CTCNCTYT	6.594213	-381.321158	0	T:6795.0(32.95%),B:6926.2(24.45%),P:1e-165	Tpos:100.1,Tstd:55.5,Bpos:100.0,Bstd:69.6,StrandBias:-0.0,Multiplicity:1.42
0.001	0.875	0.090	0.034
0.001	0.001	0.001	0.997
0.006	0.697	0.296	0.001
0.231	0.303	0.300	0.166
0.001	0.909	0.001	0.089
0.001	0.001	0.378	0.620
0.001	0.536	0.001	0.462
0.056	0.079	0.169	0.696
>GCGCGCGC	10-GCGCGCGC	4.425594	-307.184242	0	T:1452.0(7.04%),B:985.7(3.48%),P:1e-133	Tpos:100.9,Tstd:55.0,Bpos:103.3,Bstd:76.5,StrandBias:-0.0,Multiplicity:1.27
0.001	0.001	0.997	0.001
0.001	0.997	0.001	0.001
0.001	0.006	0.992	0.001
0.001	0.685	0.001	0.313
0.005	0.001	0.993	0.001
0.001	0.997	0.001	0.001
0.001	0.001	0.997	0.001
0.001	0.692	0.001	0.306
>AGAGAGTC	11-AGAGAGTC	10.910327	-288.431729	0	T:518.0(2.51%),B:202.9(0.72%),P:1e-125	Tpos:101.8,Tstd:54.8,Bpos:105.6,Bstd:64.3,StrandBias:0.2,Multiplicity:1.31
0.997	0.001	0.001	0.001
0.001	0.001	0.997	0.001
0.997	0.001	0.001	0.001
0.001	0.001	0.997	0.001
0.853	0.145	0.001	0.001
0.001	0.001	0.997	0.001
0.001	0.001	0.001	0.997
0.001	0.997	0.001	0.001
>CTAGAGCG	12-CTAGAGCG	5.869683	-287.196412	0	T:1148.0(5.57%),B:723.9(2.55%),P:1e-124	Tpos:102.6,Tstd:54.8,Bpos:101.8,Bstd:74.9,StrandBias:0.1,Multiplicity:1.19
0.227	0.751	0.001	0.021
0.001	0.001	0.262	0.736
0.997	0.001	0.001	0.001
0.001	0.001	0.997	0.001
0.997	0.001	0.001	0.001
0.001	0.001	0.997	0.001
0.001	0.997	0.001	0.001
0.001	0.001	0.997	0.001
>MCATAGAA	13-MCATAGAA	8.206727	-269.465444	0	T:1208.0(5.86%),B:800.4(2.83%),P:1e-117	Tpos:102.7,Tstd:54.0,Bpos:101.2,Bstd:62.3,StrandBias:0.1,Multiplicity:1.40
0.422	0.538	0.039	0.001
0.071	0.900	0.028	0.001
0.925	0.001	0.073	0.001
0.001	0.001	0.001	0.997
0.889	0.001	0.001	0.109
0.027	0.300	0.672	0.001
0.819	0.071	0.001	0.109
0.704	0.001	0.256	0.039
>CCCACAAT	14-CCCACAAT	8.236954	-259.533816	0	T:425.0(2.06%),B:154.1(0.54%),P:1e-112	Tpos:100.2,Tstd:57.0,Bpos:96.0,Bstd:57.9,StrandBias:-0.3,Multiplicity:1.31
0.100	0.700	0.100	0.100
0.100	0.700	0.100	0.100
0.100	0.700	0.100	0.100
0.700	0.100	0.100	0.100
0.100	0.700	0.100	0.100
0.700	0.100	0.100	0.100
0.700	0.100	0.100	0.100
0.100	0.100	0.100	0.700
>TCGAACGT	15-TCGAACGT	7.112534	-258.594349	0	T:511.0(2.48%),B:214.7(0.76%),P:1e-112	Tpos:99.9,Tstd:54.9,Bpos:94.4,Bstd:63.3,StrandBias:-0.1,Multiplicity:1.14
0.001	0.001	0.053	0.945
0.159	0.635	0.205	0.001
0.001	0.019	0.964	0.016
0.987	0.001	0.011	0.001
0.983	0.001	0.015	0.001
0.001	0.857	0.001	0.141
0.001	0.127	0.871	0.001
0.041	0.085	0.077	0.797
>TGTWTTCC	16-TGTWTTCC	7.295875	-238.723317	0	T:1739.0(8.43%),B:1379.0(4.87%),P:1e-103	Tpos:99.3,Tstd:56.6,Bpos:96.4,Bstd:58.9,StrandBias:0.0,Multiplicity:1.15
0.001	0.037	0.001	0.961
0.001	0.001	0.997	0.001
0.001	0.001	0.001	0.997
0.515	0.001	0.010	0.474
0.014	0.001	0.170	0.815
0.382	0.075	0.010	0.533
0.001	0.608	0.001	0.390
0.001	0.830	0.168	0.001
>ACCTAKTG	17-ACCTAKTG	8.035991	-217.994064	0	T:800.0(3.88%),B:483.2(1.71%),P:1e-94	Tpos:99.9,Tstd:52.8,Bpos:99.3,Bstd:57.2,StrandBias:0.1,Multiplicity:1.15
0.496	0.001	0.161	0.343
0.001	0.997	0.001	0.001
0.001	0.854	0.144	0.001
0.346	0.001	0.001	0.652
0.997	0.001	0.001	0.001
0.001	0.001	0.454	0.544
0.145	0.144	0.001	0.710
0.001	0.160	0.838	0.001
>ACACACAB	18-ACACACAB	6.844910	-170.225031	0	T:3603.0(17.47%),B:3685.2(13.01%),P:1e-73	Tpos:102.1,Tstd:56.9,Bpos:99.9,Bstd:61.0,StrandBias:0.0,Multiplicity:1.26
0.997	0.001	0.001	0.001
0.191	0.589	0.073	0.147
0.997	0.001	0.001	0.001
0.236	0.668	0.001	0.095
0.997	0.001	0.001	0.001
0.248	0.516	0.198	0.038
0.942	0.001	0.056	0.001
0.166	0.287	0.333	0.214
>TCTCGCGA	19-TCTCGCGA	8.236954	-160.920245	0	T:211.0(1.02%),B:63.6(0.22%),P:1e-69	Tpos:100.0,Tstd:51.5,Bpos:101.4,Bstd:87.2,StrandBias:0.1,Multiplicity:1.28
0.100	0.100	0.100	0.700
0.100	0.700	0.100	0.100
0.100	0.100	0.100	0.700
0.100	0.700	0.100	0.100
0.100	0.100	0.700	0.100
0.100	0.700	0.100	0.100
0.100	0.100	0.700	0.100
0.700	0.100	0.100	0.100
>GTCAGGCT	20-GTCAGGCT	6.857508	-156.774531	0	T:463.0(2.24%),B:250.7(0.88%),P:1e-68	Tpos:99.5,Tstd:53.6,Bpos:107.5,Bstd:60.8,StrandBias:-0.1,Multiplicity:1.11
0.001	0.001	0.997	0.001
0.001	0.001	0.001	0.997
0.001	0.801	0.001	0.197
0.997	0.001	0.001	0.001
0.001	0.001	0.997	0.001
0.001	0.001	0.997	0.001
0.001	0.997	0.001	0.001
0.001	0.001	0.075	0.923
>TCCTGTGT	21-TCCTGTGT	10.902086	-136.710103	0	T:439.0(2.13%),B:248.4(0.88%),P:1e-59	Tpos:104.1,Tstd:54.1,Bpos:98.5,Bstd:55.3,StrandBias:-0.6,Multiplicity:1.33
0.001	0.001	0.001	0.997
0.001	0.997	0.001	0.001
0.001	0.997	0.001	0.001
0.001	0.001	0.001	0.997
0.152	0.001	0.846	0.001
0.001	0.001	0.001	0.997
0.001	0.001	0.997	0.001
0.001	0.001	0.001	0.997
>AATATCGA	22-AATATCGA	8.236954	-132.773738	0	T:96.0(0.47%),B:14.0(0.05%),P:1e-57	Tpos:104.2,Tstd:53.9,Bpos:89.5,Bstd:47.1,StrandBias:0.3,Multiplicity:1.03
0.700	0.100	0.100	0.100
0.700	0.100	0.100	0.100
0.100	0.100	0.100	0.700
0.700	0.100	0.100	0.100
0.100	0.100	0.100	0.700
0.100	0.700	0.100	0.100
0.100	0.100	0.700	0.100
0.700	0.100	0.100	0.100
>AAKCATTR	23-AAKCATTR	6.746670	-116.232685	0	T:1224.0(5.93%),B:1071.6(3.78%),P:1e-50	Tpos:98.7,Tstd:55.0,Bpos:101.6,Bstd:58.5,StrandBias:0.0,Multiplicity:1.15
0.997	0.001	0.001	0.001
0.943	0.001	0.001	0.055
0.159	0.001	0.470	0.370
0.001	0.903	0.095	0.001
0.997	0.001	0.001	0.001
0.001	0.001	0.001	0.997
0.001	0.001	0.006	0.992
0.426	0.001	0.566	0.007
>TGCTGCTG	24-TGCTGCTG	10.932356	-99.019433	0	T:1241.0(6.02%),B:1132.3(4.00%),P:1e-43	Tpos:97.4,Tstd:56.2,Bpos:99.7,Bstd:58.5,StrandBias:0.2,Multiplicity:1.10
0.001	0.001	0.001	0.997
0.001	0.001	0.997	0.001
0.001	0.997	0.001	0.001
0.001	0.001	0.001	0.997
0.001	0.001	0.997	0.001
0.001	0.997	0.001	0.001
0.001	0.001	0.001	0.997
0.057	0.001	0.872	0.070
>GCTGGCAT	25-GCTGGCAT	8.236954	-52.872560	0	T:396.0(1.92%),B:316.8(1.12%),P:1e-22	Tpos:101.8,Tstd:55.8,Bpos:107.5,Bstd:53.2,StrandBias:-0.4,Multiplicity:1.42
0.100	0.100	0.700	0.100
0.100	0.700	0.100	0.100
0.100	0.100	0.100	0.700
0.100	0.100	0.700	0.100
0.100	0.100	0.700	0.100
0.100	0.700	0.100	0.100
0.700	0.100	0.100	0.100
0.100	0.100	0.100	0.700
