>GGGCGGGGCT	1-GGGCGGGGCT	8.704448	-2516.932791	0	T:3898.0(9.83%),B:985.1(2.53%),P:1e-1093	Tpos:103.2,Tstd:47.2,Bpos:101.6,Bstd:60.1,StrandBias:-0.1,Multiplicity:1.43
0.398	0.001	0.600	0.001
0.001	0.001	0.997	0.001
0.001	0.001	0.997	0.001
0.065	0.933	0.001	0.001
0.001	0.001	0.944	0.054
0.034	0.028	0.667	0.271
0.001	0.001	0.997	0.001
0.069	0.054	0.876	0.001
0.118	0.746	0.001	0.135
0.039	0.360	0.062	0.539
>CYGATTGGCT	2-CYGATTGGCT	7.890269	-1855.027323	0	T:3454.0(8.71%),B:1006.6(2.58%),P:1e-805	Tpos:104.5,Tstd:46.7,Bpos:99.6,Bstd:57.8,StrandBias:-0.1,Multiplicity:1.32
0.126	0.605	0.223	0.046
0.010	0.371	0.195	0.424
0.118	0.127	0.693	0.062
0.997	0.001	0.001	0.001
0.001	0.001	0.017	0.981
0.020	0.002	0.001	0.977
0.001	0.001	0.997	0.001
0.001	0.001	0.997	0.001
0.197	0.470	0.082	0.251
0.049	0.353	0.042	0.556
>CGCATGCGCA	3-CGCATGCGCA	9.112775	-1481.837043	0	T:1786.0(4.50%),B:350.9(0.90%),P:1e-643	Tpos:102.8,Tstd:45.5,Bpos:107.7,Bstd:72.2,StrandBias:-0.0,Multiplicity:1.29
0.056	0.936	0.007	0.001
0.006	0.001	0.992	0.001
0.001	0.997	0.001	0.001
0.928	0.047	0.024	0.001
0.001	0.027	0.046	0.926
0.001	0.001	0.997	0.001
0.001	0.997	0.001	0.001
0.001	0.004	0.977	0.018
0.001	0.950	0.003	0.046
0.620	0.125	0.197	0.058
>TNRGYMAACA	4-TNRGYMAACA	5.953561	-1468.435200	0	T:7580.0(19.12%),B:3922.7(10.06%),P:1e-637	Tpos:99.8,Tstd:54.1,Bpos:100.2,Bstd:58.4,StrandBias:-0.0,Multiplicity:1.15
0.262	0.059	0.076	0.603
0.305	0.205	0.312	0.178
0.401	0.042	0.310	0.247
0.269	0.116	0.552	0.063
0.042	0.418	0.101	0.438
0.474	0.464	0.018	0.044
0.830	0.066	0.056	0.048
0.729	0.087	0.099	0.085
0.020	0.545	0.043	0.392
0.787	0.071	0.092	0.050
>TTGCGCAAYA	5-TTGCGCAAYA	6.674634	-1303.531946	0	T:5389.0(13.59%),B:2513.5(6.45%),P:1e-566	Tpos:102.4,Tstd:48.2,Bpos:98.8,Bstd:57.9,StrandBias:0.0,Multiplicity:1.18
0.004	0.001	0.007	0.988
0.005	0.003	0.036	0.956
0.200	0.006	0.587	0.207
0.093	0.528	0.120	0.259
0.279	0.125	0.502	0.094
0.209	0.601	0.020	0.170
0.965	0.030	0.001	0.004
0.988	0.002	0.008	0.002
0.051	0.323	0.157	0.469
0.432	0.261	0.149	0.157
>GGTSACGTSA	6-GGTSACGTSA	7.748807	-944.776170	0	T:1442.0(3.64%),B:352.2(0.90%),P:1e-410	Tpos:103.5,Tstd:44.0,Bpos:101.6,Bstd:63.6,StrandBias:-0.1,Multiplicity:1.12
0.189	0.088	0.493	0.230
0.174	0.241	0.491	0.093
0.067	0.181	0.001	0.751
0.026	0.431	0.397	0.146
0.879	0.001	0.057	0.063
0.001	0.893	0.001	0.105
0.001	0.066	0.873	0.060
0.051	0.138	0.001	0.810
0.227	0.385	0.376	0.011
0.762	0.001	0.168	0.069
>AATSATTAAC	7-AATSATTAAC	6.681799	-796.297690	0	T:2471.0(6.23%),B:984.9(2.53%),P:1e-345	Tpos:101.2,Tstd:52.8,Bpos:100.8,Bstd:56.4,StrandBias:0.0,Multiplicity:1.11
0.771	0.067	0.129	0.033
0.665	0.095	0.104	0.136
0.162	0.036	0.044	0.758
0.060	0.344	0.446	0.150
0.654	0.089	0.023	0.234
0.216	0.037	0.098	0.649
0.032	0.093	0.028	0.847
0.545	0.079	0.159	0.217
0.493	0.138	0.145	0.224
0.094	0.702	0.040	0.164
>ACCGGAAGTG	8-ACCGGAAGTG	9.868743	-700.888073	0	T:749.0(1.89%),B:128.3(0.33%),P:1e-304	Tpos:102.6,Tstd:50.8,Bpos:99.3,Bstd:59.3,StrandBias:0.1,Multiplicity:1.19
0.812	0.023	0.149	0.016
0.001	0.942	0.054	0.003
0.012	0.978	0.009	0.001
0.001	0.001	0.997	0.001
0.002	0.001	0.996	0.001
0.997	0.001	0.001	0.001
0.990	0.003	0.006	0.001
0.060	0.006	0.933	0.001
0.001	0.065	0.011	0.923
0.076	0.103	0.662	0.159
>TCCCACAATG	9-TCCCACAATG	10.296193	-684.551392	0	T:330.0(0.83%),B:16.4(0.04%),P:1e-297	Tpos:103.8,Tstd:54.5,Bpos:104.2,Bstd:53.6,StrandBias:-0.5,Multiplicity:1.55
0.100	0.100	0.100	0.700
0.100	0.700	0.100	0.100
0.100	0.700	0.100	0.100
0.100	0.700	0.100	0.100
0.700	0.100	0.100	0.100
0.100	0.700	0.100	0.100
0.700	0.100	0.100	0.100
0.700	0.100	0.100	0.100
0.100	0.100	0.100	0.700
0.100	0.100	0.700	0.100
>TCTCTCTCTC	10-TCTCTCTCTC	6.755546	-679.182213	0	T:10118.0(25.52%),B:7052.1(18.08%),P:1e-294	Tpos:101.6,Tstd:56.6,Bpos:98.8,Bstd:68.1,StrandBias:0.0,Multiplicity:1.37
0.024	0.197	0.234	0.545
0.001	0.817	0.115	0.067
0.001	0.253	0.253	0.493
0.001	0.997	0.001	0.001
0.001	0.001	0.262	0.736
0.001	0.904	0.028	0.067
0.001	0.185	0.270	0.544
0.001	0.813	0.180	0.006
0.001	0.030	0.407	0.562
0.001	0.758	0.214	0.027
>GTGTGGACTC	11-GTGTGGACTC	10.296193	-643.009815	0	T:257.0(0.65%),B:8.6(0.02%),P:1e-279	Tpos:107.2,Tstd:51.8,Bpos:118.7,Bstd:54.6,StrandBias:-0.4,Multiplicity:1.52
0.100	0.100	0.700	0.100
0.100	0.100	0.100	0.700
0.100	0.100	0.700	0.100
0.100	0.100	0.100	0.700
0.100	0.100	0.700	0.100
0.100	0.100	0.700	0.100
0.700	0.100	0.100	0.100
0.100	0.700	0.100	0.100
0.100	0.100	0.100	0.700
0.100	0.700	0.100	0.100
>TGGACTTTGG	12-TGGACTTTGG	6.759123	-514.056090	0	T:4948.0(12.48%),B:3054.8(7.83%),P:1e-223	Tpos:102.7,Tstd:53.4,Bpos:100.0,Bstd:57.4,StrandBias:0.0,Multiplicity:1.12
0.012	0.103	0.056	0.829
0.107	0.018	0.784	0.091
0.262	0.133	0.526	0.079
0.645	0.289	0.020	0.046
0.019	0.826	0.056	0.099
0.019	0.172	0.058	0.751
0.031	0.189	0.046	0.734
0.093	0.149	0.082	0.676
0.160	0.027	0.768	0.045
0.146	0.204	0.520	0.130
>TCTCTATGGT	13-TCTCTATGGT	9.392467	-436.027390	0	T:692.0(1.75%),B:174.8(0.45%),P:1e-189	Tpos:103.7,Tstd:51.3,Bpos:104.3,Bstd:58.6,StrandBias:-0.0,Multiplicity:1.20
0.168	0.118	0.053	0.661
0.024	0.974	0.001	0.001
0.001	0.001	0.004	0.994
0.001	0.997	0.001	0.001
0.001	0.001	0.001	0.997
0.990	0.001	0.008	0.001
0.001	0.007	0.007	0.985
0.025	0.010	0.964	0.001
0.012	0.009	0.978	0.001
0.038	0.103	0.065	0.794
>TAGGTTTGAC	14-TAGGTTTGAC	12.235078	-402.356484	0	T:140.0(0.35%),B:3.7(0.01%),P:1e-174	Tpos:105.4,Tstd:53.7,Bpos:104.7,Bstd:37.6,StrandBias:-0.8,Multiplicity:1.16
0.001	0.001	0.001	0.997
0.997	0.001	0.001	0.001
0.001	0.001	0.997	0.001
0.002	0.001	0.996	0.001
0.040	0.001	0.001	0.958
0.211	0.192	0.109	0.488
0.001	0.001	0.001	0.997
0.005	0.001	0.993	0.001
0.997	0.001	0.001	0.001
0.001	0.997	0.001	0.001
>GAATACATAG	15-GAATACATAG	10.978229	-399.366599	0	T:190.0(0.48%),B:9.0(0.02%),P:1e-173	Tpos:99.5,Tstd:55.0,Bpos:85.5,Bstd:74.6,StrandBias:0.2,Multiplicity:1.57
0.001	0.028	0.970	0.001
0.997	0.001	0.001	0.001
0.997	0.001	0.001	0.001
0.001	0.001	0.001	0.997
0.997	0.001	0.001	0.001
0.001	0.997	0.001	0.001
0.939	0.001	0.059	0.001
0.001	0.001	0.001	0.997
0.997	0.001	0.001	0.001
0.001	0.001	0.997	0.001
>AYACACACAC	16-AYACACACAC	5.959665	-370.414211	0	T:8760.0(22.10%),B:6558.6(16.82%),P:1e-160	Tpos:100.8,Tstd:55.7,Bpos:99.7,Bstd:60.0,StrandBias:0.0,Multiplicity:1.33
0.673	0.059	0.212	0.056
0.180	0.385	0.022	0.413
0.858	0.057	0.072	0.013
0.152	0.571	0.082	0.195
0.969	0.001	0.014	0.016
0.267	0.473	0.023	0.237
0.975	0.011	0.013	0.001
0.069	0.504	0.218	0.209
0.800	0.015	0.135	0.050
0.181	0.409	0.227	0.184
>GACGCTCTAG	17-GACGCTCTAG	10.964781	-342.750236	0	T:386.0(0.97%),B:70.2(0.18%),P:1e-148	Tpos:102.5,Tstd:49.5,Bpos:84.0,Bstd:54.8,StrandBias:0.2,Multiplicity:1.27
0.001	0.001	0.982	0.016
0.867	0.131	0.001	0.001
0.001	0.997	0.001	0.001
0.001	0.001	0.927	0.071
0.001	0.695	0.001	0.303
0.001	0.001	0.001	0.997
0.001	0.997	0.001	0.001
0.001	0.234	0.001	0.764
0.997	0.001	0.001	0.001
0.001	0.001	0.997	0.001
>CGAYGAGGGT	18-CGAYGAGGGT	12.259447	-331.468663	0	T:131.0(0.33%),B:4.1(0.01%),P:1e-143	Tpos:102.8,Tstd:52.5,Bpos:129.7,Bstd:54.8,StrandBias:-0.0,Multiplicity:1.35
0.001	0.997	0.001	0.001
0.001	0.001	0.997	0.001
0.997	0.001	0.001	0.001
0.001	0.512	0.001	0.486
0.001	0.001	0.997	0.001
0.997	0.001	0.001	0.001
0.001	0.001	0.997	0.001
0.001	0.001	0.967	0.031
0.001	0.001	0.583	0.415
0.001	0.001	0.001	0.997
>CTCCTGCTGS	19-CTCCTGCTGS	9.406751	-316.464547	0	T:2272.0(5.73%),B:1274.7(3.27%),P:1e-137	Tpos:100.2,Tstd:56.4,Bpos:97.0,Bstd:65.2,StrandBias:0.0,Multiplicity:1.12
0.123	0.831	0.045	0.001
0.111	0.175	0.001	0.713
0.348	0.541	0.110	0.001
0.074	0.711	0.214	0.001
0.001	0.023	0.026	0.950
0.104	0.001	0.871	0.024
0.001	0.997	0.001	0.001
0.001	0.001	0.001	0.997
0.158	0.026	0.815	0.001
0.001	0.462	0.488	0.049
>GAGAGAAGCC	20-GAGAGAAGCC	10.296193	-313.137702	0	T:331.0(0.83%),B:56.6(0.15%),P:1e-135	Tpos:101.4,Tstd:53.6,Bpos:95.7,Bstd:57.8,StrandBias:0.6,Multiplicity:1.55
0.100	0.100	0.700	0.100
0.700	0.100	0.100	0.100
0.100	0.100	0.700	0.100
0.700	0.100	0.100	0.100
0.100	0.100	0.700	0.100
0.700	0.100	0.100	0.100
0.700	0.100	0.100	0.100
0.100	0.100	0.700	0.100
0.100	0.700	0.100	0.100
0.100	0.700	0.100	0.100
>CGAYATTSRT	21-CGAYATTSRT	7.800274	-276.813726	0	T:115.0(0.29%),B:4.4(0.01%),P:1e-120	Tpos:95.3,Tstd:48.9,Bpos:81.6,Bstd:71.7,StrandBias:0.2,Multiplicity:1.04
0.041	0.919	0.001	0.039
0.010	0.002	0.985	0.003
0.508	0.030	0.185	0.277
0.175	0.309	0.157	0.360
0.579	0.097	0.319	0.005
0.093	0.131	0.005	0.771
0.088	0.277	0.016	0.619
0.171	0.261	0.374	0.194
0.325	0.131	0.375	0.169
0.180	0.181	0.039	0.600
>AATCTCGCGA	22-AATCTCGCGA	9.089429	-248.518210	0	T:226.0(0.57%),B:32.6(0.08%),P:1e-107	Tpos:102.3,Tstd:48.6,Bpos:75.3,Bstd:63.1,StrandBias:0.1,Multiplicity:1.21
0.845	0.022	0.132	0.001
0.534	0.254	0.141	0.071
0.001	0.034	0.001	0.964
0.030	0.962	0.001	0.007
0.001	0.001	0.007	0.991
0.001	0.997	0.001	0.001
0.001	0.001	0.994	0.004
0.001	0.997	0.001	0.001
0.002	0.001	0.996	0.001
0.997	0.001	0.001	0.001
>CTGGGTCATA	23-CTGGGTCATA	10.296193	-243.794416	0	T:125.0(0.32%),B:7.9(0.02%),P:1e-105	Tpos:107.6,Tstd:49.0,Bpos:115.7,Bstd:43.4,StrandBias:-0.1,Multiplicity:1.07
0.100	0.700	0.100	0.100
0.100	0.100	0.100	0.700
0.100	0.100	0.700	0.100
0.100	0.100	0.700	0.100
0.100	0.100	0.700	0.100
0.100	0.100	0.100	0.700
0.100	0.700	0.100	0.100
0.700	0.100	0.100	0.100
0.100	0.100	0.100	0.700
0.700	0.100	0.100	0.100
>AAGTCACAAT	24-AAGTCACAAT	12.873419	-174.565594	0	T:118.0(0.30%),B:11.4(0.03%),P:1e-75	Tpos:98.6,Tstd:54.2,Bpos:106.4,Bstd:58.5,StrandBias:-0.3,Multiplicity:1.32
0.630	0.368	0.001	0.001
0.905	0.001	0.093	0.001
0.001	0.001	0.997	0.001
0.001	0.001	0.001	0.997
0.001	0.997	0.001	0.001
0.757	0.001	0.001	0.241
0.001	0.997	0.001	0.001
0.997	0.001	0.001	0.001
0.997	0.001	0.001	0.001
0.001	0.001	0.121	0.877
>CCTGACWYTC	25-CCTGACWYTC	11.271925	-131.541653	0	T:238.0(0.60%),B:67.8(0.17%),P:1e-57	Tpos:101.4,Tstd:56.9,Bpos:104.7,Bstd:61.6,StrandBias:0.2,Multiplicity:1.84
0.038	0.682	0.108	0.172
0.001	0.881	0.117	0.001
0.016	0.020	0.038	0.926
0.001	0.108	0.861	0.030
0.997	0.001	0.001	0.001
0.001	0.961	0.037	0.001
0.494	0.001	0.057	0.448
0.002	0.497	0.023	0.478
0.001	0.001	0.076	0.922
0.171	0.827	0.001	0.001
>RGGGGGCGKGGC	1-RGGGGGCGKGGC	10.373250	-2589.537109	0	T:2970.0(7.49%),B:559.9(1.44%),P:1e-1124	Tpos:103.0,Tstd:45.6,Bpos:100.2,Bstd:62.0,StrandBias:-0.1,Multiplicity:1.37
0.481	0.084	0.380	0.055
0.308	0.063	0.618	0.011
0.141	0.016	0.539	0.304
0.185	0.001	0.813	0.001
0.001	0.001	0.997	0.001
0.001	0.001	0.997	0.001
0.032	0.962	0.001	0.005
0.001	0.001	0.997	0.001
0.001	0.001	0.534	0.464
0.086	0.001	0.912	0.001
0.005	0.001	0.993	0.001
0.033	0.836	0.001	0.130
>TCYGATTGGCYG	2-TCYGATTGGCYG	9.568837	-2112.343787	0	T:2248.0(5.67%),B:387.4(0.99%),P:1e-917	Tpos:105.2,Tstd:43.7,Bpos:100.4,Bstd:57.8,StrandBias:-0.0,Multiplicity:1.28
0.001	0.256	0.209	0.534
0.001	0.640	0.252	0.107
0.001	0.463	0.028	0.508
0.002	0.322	0.511	0.165
0.963	0.001	0.016	0.020
0.001	0.009	0.050	0.940
0.002	0.001	0.001	0.996
0.001	0.001	0.997	0.001
0.001	0.001	0.997	0.001
0.139	0.469	0.077	0.315
0.019	0.502	0.110	0.369
0.165	0.256	0.529	0.050
>GCGCATGCGCRR	3-GCGCATGCGCRR	11.003895	-1451.070591	0	T:1544.0(3.89%),B:264.2(0.68%),P:1e-630	Tpos:102.4,Tstd:44.6,Bpos:105.1,Bstd:72.1,StrandBias:0.0,Multiplicity:1.26
0.155	0.006	0.838	0.001
0.035	0.917	0.029	0.019
0.041	0.004	0.954	0.001
0.001	0.997	0.001	0.001
0.839	0.101	0.033	0.027
0.009	0.069	0.112	0.810
0.001	0.001	0.997	0.001
0.001	0.989	0.001	0.009
0.008	0.028	0.839	0.125
0.001	0.811	0.001	0.187
0.384	0.231	0.311	0.074
0.250	0.215	0.384	0.151
>TGCCAGCATTGT	4-TGCCAGCATTGT	12.513278	-1304.457027	0	T:281.0(0.71%),B:1.2(0.00%),P:1e-566	Tpos:100.5,Tstd:54.2,Bpos:137.0,Bstd:35.5,StrandBias:0.5,Multiplicity:1.78
0.001	0.001	0.001	0.997
0.001	0.001	0.997	0.001
0.001	0.982	0.001	0.016
0.001	0.997	0.001	0.001
0.997	0.001	0.001	0.001
0.021	0.001	0.977	0.001
0.002	0.989	0.007	0.002
0.975	0.001	0.020	0.004
0.001	0.001	0.018	0.980
0.001	0.001	0.001	0.997
0.004	0.001	0.994	0.001
0.001	0.004	0.001	0.994
>CGCCCTCTGSTG	5-CGCCCTCTGSTG	9.732336	-1120.234607	0	T:1571.0(3.96%),B:356.8(0.91%),P:1e-486	Tpos:102.7,Tstd:46.2,Bpos:99.9,Bstd:59.7,StrandBias:-0.1,Multiplicity:1.11
0.033	0.662	0.009	0.296
0.086	0.019	0.627	0.268
0.013	0.897	0.080	0.010
0.001	0.973	0.001	0.025
0.318	0.603	0.012	0.067
0.012	0.405	0.001	0.582
0.007	0.950	0.001	0.042
0.009	0.137	0.001	0.853
0.226	0.044	0.453	0.277
0.006	0.484	0.468	0.043
0.153	0.144	0.061	0.642
0.001	0.003	0.920	0.076
>TTAATNATTAAC	6-TTAATNATTAAC	8.706006	-1052.272384	0	T:1050.0(2.65%),B:166.7(0.43%),P:1e-456	Tpos:101.8,Tstd:50.3,Bpos:97.6,Bstd:59.0,StrandBias:0.1,Multiplicity:1.05
0.039	0.071	0.109	0.781
0.109	0.086	0.078	0.727
0.944	0.003	0.035	0.018
0.827	0.088	0.001	0.084
0.169	0.002	0.001	0.828
0.186	0.304	0.323	0.187
0.819	0.007	0.019	0.155
0.076	0.003	0.078	0.843
0.047	0.033	0.004	0.916
0.699	0.056	0.103	0.142
0.833	0.083	0.074	0.010
0.129	0.687	0.049	0.135
>GAGAGTCCACAC	7-GAGAGTCCACAC	11.941442	-1007.826682	0	T:302.0(0.76%),B:4.8(0.01%),P:1e-437	Tpos:100.6,Tstd:57.3,Bpos:141.0,Bstd:0.0,StrandBias:0.2,Multiplicity:1.18
0.041	0.070	0.819	0.070
0.928	0.070	0.001	0.001
0.001	0.001	0.928	0.070
0.790	0.070	0.070	0.070
0.027	0.001	0.971	0.001
0.070	0.001	0.001	0.928
0.070	0.928	0.001	0.001
0.001	0.859	0.070	0.070
0.928	0.001	0.070	0.001
0.001	0.992	0.001	0.006
0.945	0.001	0.001	0.053
0.001	0.945	0.053	0.001
>TTTGTATGGCTT	8-TTTGTATGGCTT	10.378826	-983.562189	0	T:255.0(0.64%),B:2.8(0.01%),P:1e-427	Tpos:103.5,Tstd:52.0,Bpos:135.2,Bstd:13.5,StrandBias:-0.6,Multiplicity:1.68
0.001	0.003	0.003	0.993
0.001	0.006	0.001	0.992
0.001	0.001	0.001	0.997
0.001	0.001	0.997	0.001
0.001	0.001	0.001	0.997
0.997	0.001	0.001	0.001
0.007	0.005	0.002	0.986
0.001	0.001	0.997	0.001
0.001	0.001	0.997	0.001
0.001	0.997	0.001	0.001
0.001	0.001	0.001	0.997
0.001	0.001	0.001	0.997
>TCCACACAGGAG	9-TCCACACAGGAG	10.375765	-978.724247	0	T:254.0(0.64%),B:2.3(0.01%),P:1e-425	Tpos:105.6,Tstd:50.6,Bpos:148.5,Bstd:31.0,StrandBias:0.6,Multiplicity:1.57
0.001	0.001	0.013	0.985
0.001	0.997	0.001	0.001
0.001	0.997	0.001	0.001
0.997	0.001	0.001	0.001
0.001	0.997	0.001	0.001
0.997	0.001	0.001	0.001
0.001	0.997	0.001	0.001
0.997	0.001	0.001	0.001
0.001	0.001	0.996	0.002
0.001	0.001	0.997	0.001
0.997	0.001	0.001	0.001
0.001	0.001	0.997	0.001
>AAATGTTTTTCT	10-AAATGTTTTTCT	16.472144	-845.579715	0	T:197.0(0.50%),B:1.8(0.00%),P:1e-367	Tpos:104.7,Tstd:55.9,Bpos:125.4,Bstd:33.4,StrandBias:0.6,Multiplicity:1.42
0.997	0.001	0.001	0.001
0.997	0.001	0.001	0.001
0.997	0.001	0.001	0.001
0.002	0.003	0.111	0.884
0.001	0.001	0.997	0.001
0.001	0.001	0.001	0.997
0.001	0.001	0.001	0.997
0.002	0.001	0.006	0.991
0.001	0.001	0.001	0.997
0.001	0.001	0.001	0.997
0.001	0.997	0.001	0.001
0.001	0.001	0.002	0.996
>GTCACGTSACNS	11-GTCACGTSACNS	8.012693	-776.750043	0	T:1137.0(2.87%),B:267.3(0.69%),P:1e-337	Tpos:103.4,Tstd:44.1,Bpos:96.4,Bstd:60.4,StrandBias:0.0,Multiplicity:1.14
0.143	0.236	0.583	0.038
0.044	0.183	0.119	0.654
0.013	0.644	0.328	0.015
0.925	0.041	0.017	0.017
0.032	0.703	0.088	0.177
0.182	0.120	0.636	0.062
0.033	0.060	0.035	0.872
0.032	0.408	0.545	0.015
0.628	0.102	0.220	0.050
0.047	0.528	0.274	0.151
0.237	0.326	0.234	0.203
0.137	0.387	0.321	0.156
>VRRCCGGAAGTG	12-VRRCCGGAAGTG	10.074157	-774.905609	0	T:914.0(2.31%),B:174.5(0.45%),P:1e-336	Tpos:101.0,Tstd:50.8,Bpos:95.5,Bstd:65.7,StrandBias:0.1,Multiplicity:1.16
0.306	0.252	0.401	0.041
0.440	0.127	0.309	0.124
0.357	0.210	0.423	0.010
0.033	0.681	0.276	0.010
0.230	0.729	0.025	0.016
0.037	0.010	0.931	0.022
0.016	0.015	0.963	0.006
0.955	0.011	0.030	0.004
0.917	0.011	0.021	0.051
0.028	0.025	0.914	0.033
0.028	0.385	0.033	0.554
0.254	0.101	0.575	0.070
>TAGTGACACATC	13-TAGTGACACATC	14.603037	-767.055251	0	T:182.0(0.46%),B:1.9(0.00%),P:1e-333	Tpos:101.0,Tstd:53.4,Bpos:80.5,Bstd:48.4,StrandBias:0.4,Multiplicity:1.40
0.001	0.001	0.001	0.997
0.997	0.001	0.001	0.001
0.008	0.001	0.985	0.006
0.001	0.001	0.001	0.997
0.004	0.001	0.994	0.001
0.997	0.001	0.001	0.001
0.141	0.468	0.233	0.159
0.997	0.001	0.001	0.001
0.001	0.997	0.001	0.001
0.997	0.001	0.001	0.001
0.001	0.023	0.001	0.975
0.001	0.994	0.004	0.001
>TGCATKCTGGGA	14-TGCATKCTGGGA	11.138183	-735.204229	0	T:1373.0(3.46%),B:394.4(1.01%),P:1e-319	Tpos:100.9,Tstd:50.2,Bpos:96.6,Bstd:56.4,StrandBias:0.1,Multiplicity:1.25
0.236	0.001	0.268	0.495
0.001	0.001	0.997	0.001
0.001	0.645	0.353	0.001
0.764	0.234	0.001	0.001
0.017	0.062	0.002	0.919
0.001	0.075	0.459	0.464
0.116	0.631	0.252	0.001
0.001	0.001	0.001	0.997
0.001	0.001	0.997	0.001
0.001	0.001	0.997	0.001
0.001	0.001	0.997	0.001
0.957	0.001	0.041	0.001
>AGGAATACATAG	15-AGGAATACATAG	13.960687	-628.429022	0	T:179.0(0.45%),B:2.9(0.01%),P:1e-272	Tpos:103.9,Tstd:52.5,Bpos:38.2,Bstd:26.0,StrandBias:-0.0,Multiplicity:1.94
0.992	0.001	0.001	0.006
0.001	0.001	0.997	0.001
0.001	0.003	0.921	0.075
0.982	0.001	0.001	0.016
0.997	0.001	0.001	0.001
0.001	0.001	0.001	0.997
0.977	0.001	0.001	0.021
0.001	0.995	0.001	0.003
0.997	0.001	0.001	0.001
0.001	0.001	0.001	0.997
0.988	0.001	0.010	0.001
0.001	0.001	0.997	0.001
>AACCTCGTCGGT	16-AACCTCGTCGGT	10.824849	-608.825653	0	T:151.0(0.38%),B:1.3(0.00%),P:1e-264	Tpos:101.1,Tstd:56.3,Bpos:83.0,Bstd:19.7,StrandBias:-0.1,Multiplicity:1.46
0.840	0.048	0.063	0.049
0.606	0.268	0.049	0.077
0.035	0.906	0.030	0.029
0.014	0.929	0.021	0.036
0.042	0.177	0.049	0.732
0.014	0.867	0.056	0.063
0.288	0.091	0.553	0.068
0.042	0.036	0.056	0.866
0.022	0.766	0.036	0.176
0.276	0.043	0.611	0.070
0.126	0.042	0.587	0.245
0.042	0.045	0.042	0.871
>GTCATACCAATT	17-GTCATACCAATT	10.498193	-588.847818	0	T:147.0(0.37%),B:1.8(0.00%),P:1e-255	Tpos:100.3,Tstd:54.3,Bpos:106.1,Bstd:47.7,StrandBias:0.2,Multiplicity:1.58
0.001	0.001	0.997	0.001
0.001	0.006	0.001	0.992
0.001	0.997	0.001	0.001
0.885	0.001	0.040	0.074
0.001	0.001	0.001	0.997
0.963	0.001	0.035	0.001
0.001	0.997	0.001	0.001
0.001	0.989	0.001	0.009
0.664	0.001	0.290	0.045
0.997	0.001	0.001	0.001
0.001	0.001	0.001	0.997
0.001	0.001	0.001	0.997
>CTCTCTCTCTCT	18-CTCTCTCTCTCT	5.968437	-529.201670	0	T:9180.0(23.15%),B:6550.7(16.80%),P:1e-229	Tpos:100.8,Tstd:56.9,Bpos:98.9,Bstd:65.6,StrandBias:0.0,Multiplicity:1.30
0.001	0.855	0.128	0.016
0.024	0.184	0.086	0.706
0.001	0.966	0.007	0.026
0.001	0.108	0.071	0.820
0.001	0.725	0.260	0.014
0.043	0.033	0.001	0.923
0.001	0.959	0.018	0.022
0.001	0.078	0.013	0.908
0.001	0.966	0.017	0.016
0.001	0.025	0.009	0.965
0.001	0.753	0.069	0.177
0.001	0.133	0.053	0.813
>SAATWTCGAHAT	19-SAATWTCGAHAT	10.506267	-404.968107	0	T:109.0(0.27%),B:1.8(0.00%),P:1e-175	Tpos:102.1,Tstd:44.7,Bpos:58.4,Bstd:38.2,StrandBias:0.2,Multiplicity:1.04
0.025	0.440	0.432	0.102
0.555	0.052	0.285	0.108
0.929	0.026	0.023	0.022
0.027	0.139	0.016	0.818
0.381	0.015	0.118	0.487
0.009	0.196	0.219	0.576
0.026	0.811	0.117	0.046
0.142	0.306	0.523	0.029
0.938	0.027	0.012	0.023
0.332	0.306	0.015	0.347
0.707	0.020	0.137	0.136
0.023	0.121	0.076	0.780
>ATTGTGAYYTCA	20-ATTGTGAYYTCA	14.087024	-399.493135	0	T:126.0(0.32%),B:2.5(0.01%),P:1e-173	Tpos:94.3,Tstd:54.1,Bpos:125.5,Bstd:67.4,StrandBias:0.2,Multiplicity:1.47
0.834	0.120	0.023	0.023
0.023	0.021	0.027	0.929
0.016	0.006	0.024	0.954
0.043	0.017	0.901	0.039
0.013	0.124	0.017	0.846
0.027	0.016	0.947	0.010
0.943	0.016	0.016	0.025
0.061	0.415	0.041	0.482
0.047	0.431	0.034	0.489
0.016	0.016	0.028	0.940
0.053	0.864	0.011	0.072
0.943	0.012	0.008	0.037
>AGSAGCAGCAGC	21-AGSAGCAGCAGC	9.935569	-364.091065	0	T:2579.0(6.51%),B:1442.7(3.70%),P:1e-158	Tpos:99.0,Tstd:56.3,Bpos:95.0,Bstd:66.0,StrandBias:-0.1,Multiplicity:1.18
0.733	0.070	0.131	0.066
0.004	0.162	0.753	0.081
0.119	0.480	0.384	0.017
0.965	0.001	0.033	0.001
0.001	0.044	0.954	0.001
0.024	0.725	0.246	0.005
0.977	0.001	0.003	0.019
0.001	0.064	0.832	0.103
0.054	0.718	0.174	0.054
0.900	0.085	0.014	0.001
0.106	0.045	0.838	0.011
0.188	0.601	0.155	0.056
>CTGARRGATTGA	22-CTGARRGATTGA	9.456789	-317.612026	0	T:127.0(0.32%),B:4.4(0.01%),P:1e-137	Tpos:99.1,Tstd:53.9,Bpos:96.8,Bstd:28.6,StrandBias:0.3,Multiplicity:1.52
0.133	0.650	0.105	0.112
0.117	0.042	0.061	0.780
0.056	0.214	0.632	0.098
0.674	0.118	0.083	0.125
0.479	0.050	0.345	0.127
0.330	0.042	0.418	0.211
0.092	0.308	0.508	0.092
0.575	0.126	0.148	0.151
0.237	0.219	0.073	0.471
0.084	0.045	0.151	0.720
0.084	0.149	0.605	0.162
0.583	0.123	0.143	0.151
>AMTCTCGCGAGA	23-AMTCTCGCGAGA	10.971511	-315.078157	0	T:178.0(0.45%),B:12.2(0.03%),P:1e-136	Tpos:98.8,Tstd:46.2,Bpos:87.4,Bstd:54.3,StrandBias:-0.1,Multiplicity:1.21
0.855	0.011	0.131	0.003
0.423	0.346	0.173	0.057
0.001	0.027	0.001	0.971
0.022	0.976	0.001	0.001
0.001	0.001	0.001	0.997
0.001	0.997	0.001	0.001
0.001	0.001	0.997	0.001
0.001	0.997	0.001	0.001
0.001	0.001	0.997	0.001
0.994	0.001	0.004	0.001
0.001	0.001	0.991	0.007
0.991	0.001	0.007	0.001
>CCATTTTGTGTT	24-CCATTTTGTGTT	13.364460	-274.230725	0	T:129.0(0.33%),B:6.4(0.02%),P:1e-119	Tpos:92.3,Tstd:50.2,Bpos:123.1,Bstd:34.4,StrandBias:-0.8,Multiplicity:1.60
0.001	0.805	0.193	0.001
0.001	0.932	0.066	0.001
0.805	0.193	0.001	0.001
0.001	0.001	0.001	0.997
0.066	0.001	0.066	0.867
0.066	0.001	0.001	0.932
0.001	0.133	0.066	0.800
0.001	0.001	0.857	0.141
0.001	0.001	0.046	0.952
0.001	0.001	0.997	0.001
0.001	0.267	0.001	0.731
0.001	0.001	0.001	0.997
>ACACACACACAC	25-ACACACACACAC	8.250219	-247.800821	0	T:2649.0(6.68%),B:1662.6(4.26%),P:1e-107	Tpos:100.8,Tstd:54.4,Bpos:100.1,Bstd:61.2,StrandBias:-0.0,Multiplicity:1.21
0.833	0.035	0.083	0.049
0.104	0.592	0.031	0.273
0.947	0.001	0.021	0.031
0.097	0.641	0.052	0.210
0.982	0.002	0.013	0.003
0.049	0.755	0.047	0.149
0.976	0.003	0.012	0.009
0.095	0.716	0.045	0.144
0.946	0.017	0.022	0.015
0.090	0.671	0.107	0.132
0.870	0.037	0.051	0.042
0.072	0.582	0.139	0.207
>GGCGGGGC	1-GGCGGGGC	9.872027	-1766.878393	0	T:3377.0(8.52%),B:1002.9(2.57%),P:1e-767	Tpos:103.4,Tstd:47.6,Bpos:100.3,Bstd:61.7,StrandBias:-0.1,Multiplicity:1.38
0.001	0.001	0.997	0.001
0.001	0.001	0.997	0.001
0.001	0.997	0.001	0.001
0.001	0.001	0.997	0.001
0.001	0.001	0.670	0.328
0.080	0.001	0.918	0.001
0.001	0.001	0.997	0.001
0.001	0.997	0.001	0.001
>CRRTCAAT	2-CRRTCAAT	5.879632	-1444.605782	0	T:7070.0(17.83%),B:3573.1(9.16%),P:1e-627	Tpos:101.5,Tstd:52.8,Bpos:101.1,Bstd:58.1,StrandBias:0.0,Multiplicity:1.17
0.129	0.493	0.303	0.075
0.529	0.001	0.452	0.018
0.538	0.001	0.460	0.001
0.001	0.403	0.001	0.595
0.001	0.863	0.075	0.061
0.597	0.001	0.377	0.025
0.851	0.001	0.062	0.086
0.022	0.197	0.001	0.780
>CTGATTGG	3-CTGATTGG	7.105795	-1426.361748	0	T:2291.0(5.78%),B:588.5(1.51%),P:1e-619	Tpos:103.7,Tstd:46.1,Bpos:99.7,Bstd:59.3,StrandBias:-0.1,Multiplicity:1.24
0.001	0.891	0.107	0.001
0.001	0.177	0.001	0.821
0.001	0.001	0.997	0.001
0.997	0.001	0.001	0.001
0.001	0.001	0.001	0.997
0.001	0.001	0.001	0.997
0.001	0.001	0.997	0.001
0.001	0.001	0.997	0.001
>TTGCACAA	4-TTGCACAA	7.567407	-1141.564721	0	T:3855.0(9.72%),B:1619.1(4.15%),P:1e-495	Tpos:101.4,Tstd:49.6,Bpos:100.2,Bstd:59.0,StrandBias:0.0,Multiplicity:1.16
0.001	0.001	0.001	0.997
0.001	0.001	0.001	0.997
0.137	0.001	0.767	0.095
0.001	0.997	0.001	0.001
0.928	0.001	0.011	0.060
0.220	0.651	0.001	0.128
0.997	0.001	0.001	0.001
0.997	0.001	0.001	0.001
>AGGGGGCG	5-AGGGGGCG	9.582102	-1073.058209	0	T:2799.0(7.06%),B:1014.9(2.60%),P:1e-466	Tpos:102.3,Tstd:51.1,Bpos:102.4,Bstd:64.3,StrandBias:-0.0,Multiplicity:1.09
0.997	0.001	0.001	0.001
0.001	0.001	0.997	0.001
0.243	0.001	0.530	0.226
0.001	0.001	0.997	0.001
0.001	0.001	0.997	0.001
0.001	0.001	0.997	0.001
0.001	0.997	0.001	0.001
0.001	0.001	0.997	0.001
>GCGCATGC	6-GCGCATGC	8.236954	-1034.010339	0	T:1535.0(3.87%),B:366.7(0.94%),P:1e-449	Tpos:102.5,Tstd:46.8,Bpos:103.0,Bstd:68.3,StrandBias:0.0,Multiplicity:1.23
0.100	0.100	0.700	0.100
0.100	0.700	0.100	0.100
0.100	0.100	0.700	0.100
0.100	0.700	0.100	0.100
0.700	0.100	0.100	0.100
0.100	0.100	0.100	0.700
0.100	0.100	0.700	0.100
0.100	0.700	0.100	0.100
>TGTTTGCT	7-TGTTTGCT	3.843696	-1009.774994	0	T:8175.0(20.62%),B:4903.4(12.57%),P:1e-438	Tpos:101.7,Tstd:53.9,Bpos:99.3,Bstd:58.9,StrandBias:0.0,Multiplicity:1.17
0.001	0.001	0.001	0.997
0.378	0.001	0.620	0.001
0.001	0.001	0.001	0.997
0.001	0.001	0.001	0.997
0.001	0.001	0.075	0.923
0.079	0.001	0.919	0.001
0.001	0.997	0.001	0.001
0.322	0.155	0.001	0.522
>MGAGMGVG	8-MGAGMGVG	5.714130	-675.921937	0	T:12361.0(31.18%),B:9023.0(23.14%),P:1e-293	Tpos:101.8,Tstd:56.3,Bpos:99.1,Bstd:68.7,StrandBias:-0.0,Multiplicity:1.70
0.402	0.399	0.097	0.103
0.100	0.073	0.591	0.236
0.449	0.211	0.287	0.053
0.021	0.050	0.911	0.018
0.429	0.430	0.121	0.020
0.023	0.052	0.891	0.034
0.345	0.357	0.295	0.003
0.115	0.001	0.880	0.004
>TGACGTCA	9-TGACGTCA	8.236954	-590.996115	0	T:845.0(2.13%),B:194.4(0.50%),P:1e-256	Tpos:103.5,Tstd:42.7,Bpos:111.3,Bstd:66.7,StrandBias:0.0,Multiplicity:1.06
0.100	0.100	0.100	0.700
0.100	0.100	0.700	0.100
0.700	0.100	0.100	0.100
0.100	0.700	0.100	0.100
0.100	0.100	0.700	0.100
0.100	0.100	0.100	0.700
0.100	0.700	0.100	0.100
0.700	0.100	0.100	0.100
>CCGGAAGT	10-CCGGAAGT	8.236954	-537.197884	0	T:942.0(2.38%),B:257.2(0.66%),P:1e-233	Tpos:102.2,Tstd:51.1,Bpos:95.1,Bstd:59.4,StrandBias:0.1,Multiplicity:1.22
0.100	0.700	0.100	0.100
0.100	0.700	0.100	0.100
0.100	0.100	0.700	0.100
0.100	0.100	0.700	0.100
0.700	0.100	0.100	0.100
0.700	0.100	0.100	0.100
0.100	0.100	0.700	0.100
0.100	0.100	0.100	0.700
>GAACTTTA	11-GAACTTTA	7.982571	-516.597060	0	T:2439.0(6.15%),B:1179.3(3.02%),P:1e-224	Tpos:101.4,Tstd:53.9,Bpos:98.0,Bstd:59.3,StrandBias:0.0,Multiplicity:1.06
0.001	0.001	0.997	0.001
0.702	0.001	0.296	0.001
0.652	0.346	0.001	0.001
0.001	0.997	0.001	0.001
0.001	0.001	0.354	0.644
0.001	0.001	0.001	0.997
0.001	0.001	0.001	0.997
0.634	0.001	0.364	0.001
>GTCACGTG	12-GTCACGTG	10.916025	-460.038142	0	T:718.0(1.81%),B:178.4(0.46%),P:1e-199	Tpos:104.5,Tstd:46.4,Bpos:99.3,Bstd:60.5,StrandBias:-0.1,Multiplicity:1.19
0.001	0.091	0.907	0.001
0.001	0.001	0.001	0.997
0.001	0.997	0.001	0.001
0.997	0.001	0.001	0.001
0.001	0.997	0.001	0.001
0.001	0.001	0.997	0.001
0.001	0.055	0.001	0.943
0.001	0.001	0.997	0.001
>CGCCTCCG	13-CGCCTCCG	7.973426	-443.481255	0	T:3826.0(9.65%),B:2281.9(5.85%),P:1e-192	Tpos:100.8,Tstd:52.7,Bpos:101.0,Bstd:66.0,StrandBias:0.0,Multiplicity:1.18
0.001	0.997	0.001	0.001
0.001	0.001	0.997	0.001
0.017	0.981	0.001	0.001
0.001	0.665	0.001	0.333
0.001	0.346	0.001	0.652
0.001	0.601	0.397	0.001
0.277	0.721	0.001	0.001
0.001	0.366	0.632	0.001
>AATGATTA	14-AATGATTA	7.698054	-438.823917	0	T:1565.0(3.95%),B:665.2(1.71%),P:1e-190	Tpos:100.4,Tstd:53.6,Bpos:96.0,Bstd:57.1,StrandBias:-0.1,Multiplicity:1.12
0.987	0.001	0.011	0.001
0.884	0.034	0.012	0.070
0.001	0.010	0.001	0.988
0.025	0.267	0.695	0.013
0.847	0.001	0.009	0.143
0.001	0.001	0.001	0.997
0.001	0.001	0.001	0.997
0.842	0.127	0.030	0.001
>GTGAGTCA	15-GTGAGTCA	6.433269	-344.268260	0	T:2896.0(7.30%),B:1707.7(4.38%),P:1e-149	Tpos:102.8,Tstd:53.0,Bpos:101.5,Bstd:61.2,StrandBias:0.0,Multiplicity:1.09
0.202	0.165	0.604	0.029
0.079	0.059	0.011	0.851
0.019	0.146	0.715	0.120
0.764	0.083	0.080	0.073
0.134	0.322	0.497	0.046
0.073	0.050	0.081	0.796
0.037	0.892	0.041	0.030
0.882	0.065	0.042	0.011
>CGGTAGAG	16-CGGTAGAG	5.428133	-323.696506	0	T:1013.0(2.56%),B:402.7(1.03%),P:1e-140	Tpos:101.5,Tstd:53.1,Bpos:100.7,Bstd:59.5,StrandBias:0.0,Multiplicity:1.18
0.001	0.997	0.001	0.001
0.001	0.061	0.937	0.001
0.058	0.001	0.940	0.001
0.001	0.001	0.001	0.997
0.997	0.001	0.001	0.001
0.001	0.001	0.997	0.001
0.997	0.001	0.001	0.001
0.001	0.001	0.997	0.001
>ACATTTCC	17-ACATTTCC	9.371053	-247.500013	0	T:1063.0(2.68%),B:491.1(1.26%),P:1e-107	Tpos:101.5,Tstd:53.3,Bpos:100.1,Bstd:58.2,StrandBias:-0.2,Multiplicity:1.14
0.997	0.001	0.001	0.001
0.001	0.997	0.001	0.001
0.815	0.001	0.183	0.001
0.001	0.001	0.001	0.997
0.001	0.001	0.001	0.997
0.001	0.001	0.001	0.997
0.001	0.997	0.001	0.001
0.001	0.997	0.001	0.001
>ACACACAC	18-ACACACAC	5.878624	-239.339177	0	T:7975.0(20.12%),B:6236.4(15.99%),P:1e-103	Tpos:101.4,Tstd:55.5,Bpos:100.2,Bstd:61.2,StrandBias:0.0,Multiplicity:1.33
0.763	0.124	0.078	0.035
0.109	0.718	0.032	0.141
0.850	0.016	0.108	0.026
0.178	0.601	0.023	0.198
0.843	0.058	0.040	0.059
0.098	0.768	0.056	0.078
0.844	0.044	0.082	0.030
0.038	0.613	0.260	0.089
>GCATTGTG	19-GCATTGTG	8.236954	-224.158968	0	T:676.0(1.71%),B:263.6(0.68%),P:1e-97	Tpos:100.9,Tstd:55.3,Bpos:106.3,Bstd:60.2,StrandBias:0.5,Multiplicity:1.35
0.100	0.100	0.700	0.100
0.100	0.700	0.100	0.100
0.700	0.100	0.100	0.100
0.100	0.100	0.100	0.700
0.100	0.100	0.100	0.700
0.100	0.100	0.700	0.100
0.100	0.100	0.100	0.700
0.100	0.100	0.700	0.100
>TCTCGCGA	20-TCTCGCGA	8.236954	-213.564127	0	T:254.0(0.64%),B:49.4(0.13%),P:1e-92	Tpos:106.1,Tstd:50.0,Bpos:82.8,Bstd:70.6,StrandBias:0.2,Multiplicity:1.12
0.100	0.100	0.100	0.700
0.100	0.700	0.100	0.100
0.100	0.100	0.100	0.700
0.100	0.700	0.100	0.100
0.100	0.100	0.700	0.100
0.100	0.700	0.100	0.100
0.100	0.100	0.700	0.100
0.700	0.100	0.100	0.100
>ACTCTCTG	21-ACTCTCTG	8.452026	-163.652707	0	T:975.0(2.46%),B:512.4(1.31%),P:1e-71	Tpos:102.0,Tstd:56.3,Bpos:99.9,Bstd:60.5,StrandBias:-0.2,Multiplicity:1.15
0.997	0.001	0.001	0.001
0.001	0.997	0.001	0.001
0.001	0.001	0.001	0.997
0.073	0.925	0.001	0.001
0.001	0.001	0.001	0.997
0.001	0.997	0.001	0.001
0.001	0.001	0.001	0.997
0.001	0.001	0.997	0.001
>TGCTGCTG	22-TGCTGCTG	8.236954	-156.610591	0	T:2534.0(6.39%),B:1741.6(4.47%),P:1e-68	Tpos:100.0,Tstd:57.6,Bpos:96.8,Bstd:64.4,StrandBias:0.0,Multiplicity:1.13
0.100	0.100	0.100	0.700
0.100	0.100	0.700	0.100
0.100	0.700	0.100	0.100
0.100	0.100	0.100	0.700
0.100	0.100	0.700	0.100
0.100	0.700	0.100	0.100
0.100	0.100	0.100	0.700
0.100	0.100	0.700	0.100
>GGTCATAC	23-GGTCATAC	4.223971	-153.277314	0	T:840.0(2.12%),B:428.1(1.10%),P:1e-66	Tpos:103.9,Tstd:54.2,Bpos:106.8,Bstd:52.2,StrandBias:0.3,Multiplicity:1.41
0.301	0.001	0.697	0.001
0.001	0.001	0.997	0.001
0.001	0.005	0.001	0.993
0.001	0.997	0.001	0.001
0.703	0.001	0.295	0.001
0.001	0.001	0.001	0.997
0.997	0.001	0.001	0.001
0.001	0.997	0.001	0.001
>ATACATAG	24-ATACATAG	7.790405	-100.236275	0	T:379.0(0.96%),B:166.4(0.43%),P:1e-43	Tpos:102.7,Tstd:55.7,Bpos:96.1,Bstd:58.6,StrandBias:-0.0,Multiplicity:1.93
0.997	0.001	0.001	0.001
0.001	0.001	0.001	0.997
0.997	0.001	0.001	0.001
0.001	0.997	0.001	0.001
0.957	0.001	0.041	0.001
0.001	0.001	0.001	0.997
0.916	0.082	0.001	0.001
0.001	0.001	0.997	0.001
>AAATGCCA	25-AAATGCCA	8.236954	-91.171047	0	T:760.0(1.92%),B:445.4(1.14%),P:1e-39	Tpos:101.2,Tstd:55.0,Bpos:96.3,Bstd:55.5,StrandBias:0.2,Multiplicity:1.32
0.700	0.100	0.100	0.100
0.700	0.100	0.100	0.100
0.700	0.100	0.100	0.100
0.100	0.100	0.100	0.700
0.100	0.100	0.700	0.100
0.100	0.700	0.100	0.100
0.100	0.700	0.100	0.100
0.700	0.100	0.100	0.100
