>ATGTATTCCT	1-ATGTATTCCT	13.819773	-503.602955	0	T:249.0(1.65%),B:30.3(0.09%),P:1e-218	Tpos:102.7,Tstd:53.9,Bpos:98.9,Bstd:78.4,StrandBias:-0.1,Multiplicity:1.81
0.997	0.001	0.001	0.001
0.001	0.014	0.001	0.984
0.001	0.001	0.997	0.001
0.001	0.001	0.001	0.997
0.997	0.001	0.001	0.001
0.001	0.001	0.001	0.997
0.001	0.001	0.001	0.997
0.001	0.997	0.001	0.001
0.001	0.997	0.001	0.001
0.001	0.001	0.001	0.997
>TACCAATTGG	2-TACCAATTGG	8.016695	-282.147436	0	T:93.0(0.62%),B:4.5(0.01%),P:1e-122	Tpos:99.8,Tstd:49.5,Bpos:84.4,Bstd:44.0,StrandBias:0.3,Multiplicity:1.17
0.001	0.001	0.001	0.997
0.997	0.001	0.001	0.001
0.001	0.997	0.001	0.001
0.001	0.997	0.001	0.001
0.995	0.001	0.003	0.001
0.997	0.001	0.001	0.001
0.001	0.001	0.001	0.997
0.001	0.003	0.001	0.995
0.001	0.009	0.989	0.001
0.001	0.001	0.997	0.001
>TGGAACGTCA	3-TGGAACGTCA	7.954251	-249.986654	0	T:72.0(0.48%),B:2.7(0.01%),P:1e-108	Tpos:94.8,Tstd:55.8,Bpos:140.8,Bstd:39.3,StrandBias:0.3,Multiplicity:1.04
0.001	0.001	0.001	0.997
0.003	0.001	0.995	0.001
0.001	0.001	0.997	0.001
0.995	0.001	0.001	0.003
0.997	0.001	0.001	0.001
0.001	0.997	0.001	0.001
0.001	0.001	0.997	0.001
0.001	0.001	0.001	0.997
0.067	0.931	0.001	0.001
0.995	0.001	0.003	0.001
>KGTACGGCTT	4-KGTACGGCTT	11.298644	-249.981400	0	T:109.0(0.72%),B:10.2(0.03%),P:1e-108	Tpos:103.7,Tstd:54.6,Bpos:99.5,Bstd:51.4,StrandBias:-0.6,Multiplicity:1.69
0.001	0.154	0.390	0.455
0.001	0.153	0.845	0.001
0.001	0.001	0.001	0.997
0.997	0.001	0.001	0.001
0.001	0.703	0.001	0.295
0.001	0.001	0.997	0.001
0.001	0.001	0.997	0.001
0.001	0.997	0.001	0.001
0.001	0.001	0.001	0.997
0.154	0.154	0.001	0.691
>GGGACTACTA	5-GGGACTACTA	10.296193	-225.248965	0	T:73.0(0.48%),B:3.8(0.01%),P:1e-97	Tpos:103.4,Tstd:53.8,Bpos:53.8,Bstd:33.2,StrandBias:0.4,Multiplicity:1.63
0.100	0.100	0.700	0.100
0.100	0.100	0.700	0.100
0.100	0.100	0.700	0.100
0.700	0.100	0.100	0.100
0.100	0.700	0.100	0.100
0.100	0.100	0.100	0.700
0.700	0.100	0.100	0.100
0.100	0.700	0.100	0.100
0.100	0.100	0.100	0.700
0.700	0.100	0.100	0.100
>TCGGTCCCGG	6-TCGGTCCCGG	11.420703	-216.974908	0	T:85.0(0.56%),B:6.9(0.02%),P:1e-94	Tpos:100.8,Tstd:56.3,Bpos:92.5,Bstd:59.9,StrandBias:0.1,Multiplicity:1.35
0.001	0.001	0.001	0.997
0.001	0.997	0.001	0.001
0.001	0.001	0.997	0.001
0.001	0.001	0.997	0.001
0.001	0.001	0.001	0.997
0.001	0.997	0.001	0.001
0.001	0.997	0.001	0.001
0.001	0.746	0.252	0.001
0.001	0.001	0.757	0.241
0.001	0.253	0.494	0.253
>ACTCKCCTGG	7-ACTCKCCTGG	7.581787	-214.566622	0	T:167.0(1.11%),B:45.9(0.13%),P:1e-93	Tpos:103.4,Tstd:51.1,Bpos:93.7,Bstd:63.4,StrandBias:-0.0,Multiplicity:1.07
0.997	0.001	0.001	0.001
0.001	0.997	0.001	0.001
0.001	0.001	0.019	0.979
0.001	0.997	0.001	0.001
0.001	0.001	0.510	0.488
0.001	0.997	0.001	0.001
0.004	0.593	0.402	0.001
0.001	0.001	0.001	0.997
0.001	0.001	0.997	0.001
0.001	0.001	0.997	0.001
>TCGATATGCA	8-TCGATATGCA	10.734246	-188.813113	0	T:73.0(0.48%),B:5.3(0.02%),P:1e-81	Tpos:86.9,Tstd:52.5,Bpos:97.2,Bstd:34.6,StrandBias:-0.0,Multiplicity:1.03
0.127	0.285	0.001	0.587
0.001	0.997	0.001	0.001
0.001	0.001	0.997	0.001
0.997	0.001	0.001	0.001
0.001	0.282	0.001	0.716
0.756	0.126	0.063	0.055
0.063	0.126	0.005	0.806
0.063	0.001	0.564	0.372
0.068	0.834	0.097	0.001
0.931	0.001	0.067	0.001
>DTACCGATTG	9-DTACCGATTG	11.220906	-185.610578	0	T:63.0(0.42%),B:3.4(0.01%),P:1e-80	Tpos:100.7,Tstd:58.7,Bpos:76.3,Bstd:33.2,StrandBias:-0.6,Multiplicity:1.21
0.387	0.001	0.342	0.270
0.001	0.001	0.001	0.997
0.862	0.001	0.136	0.001
0.006	0.992	0.001	0.001
0.001	0.997	0.001	0.001
0.004	0.001	0.994	0.001
0.992	0.001	0.001	0.006
0.001	0.222	0.001	0.776
0.006	0.001	0.001	0.992
0.001	0.001	0.997	0.001
>ATGGCAGAAG	10-ATGGCAGAAG	10.584714	-185.193535	0	T:276.0(1.83%),B:155.2(0.45%),P:1e-80	Tpos:99.2,Tstd:54.9,Bpos:103.5,Bstd:62.5,StrandBias:0.0,Multiplicity:1.54
0.997	0.001	0.001	0.001
0.001	0.001	0.001	0.997
0.001	0.001	0.997	0.001
0.049	0.001	0.949	0.001
0.001	0.788	0.183	0.028
0.997	0.001	0.001	0.001
0.001	0.001	0.997	0.001
0.997	0.001	0.001	0.001
0.997	0.001	0.001	0.001
0.001	0.001	0.997	0.001
>AGGGTGAATG	11-AGGGTGAATG	10.296193	-180.645673	0	T:81.0(0.54%),B:8.7(0.03%),P:1e-78	Tpos:104.9,Tstd:52.5,Bpos:79.7,Bstd:45.8,StrandBias:0.4,Multiplicity:1.19
0.700	0.100	0.100	0.100
0.100	0.100	0.700	0.100
0.100	0.100	0.700	0.100
0.100	0.100	0.700	0.100
0.100	0.100	0.100	0.700
0.100	0.100	0.700	0.100
0.700	0.100	0.100	0.100
0.700	0.100	0.100	0.100
0.100	0.100	0.100	0.700
0.100	0.100	0.700	0.100
>GAATCATTCT	12-GAATCATTCT	13.201667	-177.965886	0	T:77.0(0.51%),B:7.4(0.02%),P:1e-77	Tpos:106.0,Tstd:52.4,Bpos:75.7,Bstd:39.6,StrandBias:-0.1,Multiplicity:2.08
0.001	0.001	0.997	0.001
0.997	0.001	0.001	0.001
0.997	0.001	0.001	0.001
0.001	0.001	0.152	0.846
0.001	0.625	0.373	0.001
0.997	0.001	0.001	0.001
0.001	0.001	0.001	0.997
0.001	0.001	0.001	0.997
0.001	0.997	0.001	0.001
0.001	0.001	0.001	0.997
>CCCATTGTGA	13-CCCATTGTGA	7.574057	-171.983410	0	T:96.0(0.64%),B:15.7(0.05%),P:1e-74	Tpos:103.6,Tstd:55.0,Bpos:105.5,Bstd:51.1,StrandBias:0.3,Multiplicity:1.46
0.001	0.997	0.001	0.001
0.001	0.997	0.001	0.001
0.001	0.997	0.001	0.001
0.997	0.001	0.001	0.001
0.001	0.001	0.001	0.997
0.001	0.002	0.001	0.996
0.001	0.001	0.997	0.001
0.001	0.047	0.001	0.951
0.001	0.001	0.997	0.001
0.997	0.001	0.001	0.001
>CTAGGATCCT	14-CTAGGATCCT	10.198284	-165.475781	0	T:79.0(0.52%),B:9.6(0.03%),P:1e-71	Tpos:102.9,Tstd:55.3,Bpos:114.1,Bstd:71.9,StrandBias:0.5,Multiplicity:1.41
0.001	0.997	0.001	0.001
0.001	0.001	0.028	0.970
0.937	0.061	0.001	0.001
0.001	0.001	0.997	0.001
0.001	0.001	0.997	0.001
0.997	0.001	0.001	0.001
0.001	0.001	0.001	0.997
0.001	0.997	0.001	0.001
0.001	0.997	0.001	0.001
0.001	0.001	0.001	0.997
>GTATCCGAGC	15-GTATCCGAGC	10.773398	-162.572528	0	T:57.0(0.38%),B:3.9(0.01%),P:1e-70	Tpos:112.1,Tstd:52.2,Bpos:107.5,Bstd:54.9,StrandBias:-0.4,Multiplicity:1.20
0.144	0.144	0.711	0.001
0.001	0.001	0.143	0.855
0.997	0.001	0.001	0.001
0.001	0.143	0.001	0.855
0.001	0.855	0.001	0.143
0.001	0.886	0.112	0.001
0.001	0.137	0.861	0.001
0.993	0.001	0.001	0.005
0.001	0.143	0.855	0.001
0.001	0.997	0.001	0.001
>TGCTGGCATT	16-TGCTGGCATT	7.621294	-151.761595	0	T:115.0(0.76%),B:30.9(0.09%),P:1e-65	Tpos:102.1,Tstd:54.4,Bpos:98.7,Bstd:48.0,StrandBias:-0.7,Multiplicity:1.58
0.001	0.001	0.001	0.997
0.001	0.001	0.997	0.001
0.001	0.997	0.001	0.001
0.001	0.001	0.002	0.996
0.001	0.001	0.997	0.001
0.001	0.001	0.997	0.001
0.001	0.997	0.001	0.001
0.997	0.001	0.001	0.001
0.001	0.001	0.001	0.997
0.001	0.001	0.001	0.997
>CTGYGGGAAA	17-CTGYGGGAAA	9.325681	-150.174285	0	T:359.0(2.38%),B:287.7(0.83%),P:1e-65	Tpos:97.9,Tstd:54.4,Bpos:95.3,Bstd:56.6,StrandBias:-0.2,Multiplicity:1.88
0.297	0.605	0.001	0.097
0.001	0.278	0.001	0.720
0.218	0.034	0.569	0.179
0.001	0.425	0.001	0.573
0.001	0.004	0.994	0.001
0.001	0.018	0.980	0.001
0.042	0.001	0.956	0.001
0.712	0.286	0.001	0.001
0.827	0.091	0.081	0.001
0.893	0.001	0.105	0.001
>TCTCTGATGT	18-TCTCTGATGT	10.549367	-140.010632	0	T:138.0(0.92%),B:51.7(0.15%),P:1e-60	Tpos:103.8,Tstd:50.2,Bpos:100.9,Bstd:67.6,StrandBias:-0.6,Multiplicity:1.49
0.001	0.001	0.001	0.997
0.001	0.997	0.001	0.001
0.001	0.001	0.001	0.997
0.001	0.793	0.001	0.205
0.001	0.001	0.001	0.997
0.047	0.001	0.951	0.001
0.997	0.001	0.001	0.001
0.001	0.001	0.001	0.997
0.001	0.001	0.997	0.001
0.001	0.001	0.001	0.997
>CTGATGCTCC	19-CTGATGCTCC	13.798200	-136.970034	0	T:102.0(0.68%),B:26.2(0.08%),P:1e-59	Tpos:101.3,Tstd:54.2,Bpos:121.3,Bstd:58.3,StrandBias:0.6,Multiplicity:1.45
0.001	0.997	0.001	0.001
0.001	0.001	0.001	0.997
0.001	0.001	0.997	0.001
0.997	0.001	0.001	0.001
0.001	0.001	0.001	0.997
0.001	0.001	0.997	0.001
0.001	0.997	0.001	0.001
0.001	0.001	0.001	0.997
0.001	0.997	0.001	0.001
0.001	0.963	0.035	0.001
>ATTGAGACTG	20-ATTGAGACTG	12.396207	-136.940021	0	T:92.0(0.61%),B:20.4(0.06%),P:1e-59	Tpos:101.4,Tstd:54.2,Bpos:101.1,Bstd:56.7,StrandBias:0.6,Multiplicity:1.37
0.997	0.001	0.001	0.001
0.001	0.001	0.001	0.997
0.001	0.001	0.001	0.997
0.001	0.001	0.997	0.001
0.997	0.001	0.001	0.001
0.001	0.001	0.997	0.001
0.997	0.001	0.001	0.001
0.001	0.997	0.001	0.001
0.001	0.001	0.237	0.761
0.001	0.001	0.997	0.001
>CTTCAGGTAA	21-CTTCAGGTAA	9.031198	-128.001691	0	T:115.0(0.76%),B:38.6(0.11%),P:1e-55	Tpos:104.9,Tstd:55.0,Bpos:106.2,Bstd:56.4,StrandBias:-0.1,Multiplicity:1.68
0.001	0.997	0.001	0.001
0.001	0.001	0.013	0.985
0.001	0.001	0.001	0.997
0.001	0.997	0.001	0.001
0.997	0.001	0.001	0.001
0.001	0.007	0.991	0.001
0.001	0.001	0.997	0.001
0.001	0.366	0.001	0.632
0.997	0.001	0.001	0.001
0.997	0.001	0.001	0.001
>GACCCCCAAG	22-GACCCCCAAG	12.121104	-123.885187	0	T:96.0(0.64%),B:26.4(0.08%),P:1e-53	Tpos:108.3,Tstd:50.3,Bpos:87.2,Bstd:61.6,StrandBias:0.0,Multiplicity:1.57
0.001	0.001	0.997	0.001
0.997	0.001	0.001	0.001
0.180	0.818	0.001	0.001
0.001	0.997	0.001	0.001
0.001	0.997	0.001	0.001
0.001	0.997	0.001	0.001
0.001	0.997	0.001	0.001
0.997	0.001	0.001	0.001
0.997	0.001	0.001	0.001
0.001	0.001	0.997	0.001
>AATCCTAACC	23-AATCCTAACC	13.333375	-122.022306	0	T:46.0(0.31%),B:3.6(0.01%),P:1e-52	Tpos:102.5,Tstd:49.9,Bpos:92.5,Bstd:51.8,StrandBias:-0.4,Multiplicity:1.30
0.997	0.001	0.001	0.001
0.997	0.001	0.001	0.001
0.001	0.328	0.066	0.605
0.001	0.997	0.001	0.001
0.001	0.997	0.001	0.001
0.001	0.001	0.001	0.997
0.997	0.001	0.001	0.001
0.997	0.001	0.001	0.001
0.001	0.997	0.001	0.001
0.001	0.997	0.001	0.001
>STGTGTGTRT	24-STGTGTGTRT	5.214934	-95.491522	0	T:4973.0(33.02%),B:9679.4(27.97%),P:1e-41	Tpos:101.8,Tstd:55.5,Bpos:101.2,Bstd:68.5,StrandBias:0.1,Multiplicity:1.45
0.174	0.311	0.376	0.138
0.104	0.096	0.032	0.768
0.271	0.232	0.441	0.057
0.060	0.049	0.016	0.875
0.326	0.087	0.528	0.059
0.041	0.027	0.029	0.903
0.254	0.171	0.483	0.093
0.036	0.072	0.096	0.796
0.399	0.111	0.348	0.143
0.044	0.269	0.037	0.650
>TATATATATA	25-TATATATATA	11.170059	-62.830842	0	T:139.0(0.92%),B:107.9(0.31%),P:1e-27	Tpos:89.1,Tstd:58.4,Bpos:87.2,Bstd:68.8,StrandBias:-0.0,Multiplicity:1.53
0.013	0.204	0.011	0.772
0.844	0.038	0.073	0.045
0.001	0.182	0.026	0.791
0.899	0.013	0.062	0.026
0.022	0.103	0.036	0.839
0.812	0.001	0.162	0.025
0.007	0.394	0.022	0.577
0.891	0.001	0.091	0.017
0.008	0.259	0.049	0.684
0.893	0.048	0.058	0.001
>AMTAGGTATGAC	1-AMTAGGTATGAC	8.202568	-601.220084	0	T:167.0(1.11%),B:4.4(0.01%),P:1e-261	Tpos:100.7,Tstd:51.7,Bpos:71.6,Bstd:38.0,StrandBias:-0.5,Multiplicity:1.40
0.997	0.001	0.001	0.001
0.455	0.543	0.001	0.001
0.001	0.001	0.001	0.997
0.636	0.362	0.001	0.001
0.001	0.001	0.997	0.001
0.001	0.001	0.997	0.001
0.001	0.005	0.001	0.993
0.620	0.001	0.001	0.378
0.001	0.001	0.001	0.997
0.001	0.001	0.997	0.001
0.997	0.001	0.001	0.001
0.001	0.997	0.001	0.001
>GGRATACATAGA	2-GGRATACATAGA	12.066117	-562.112163	0	T:223.0(1.48%),B:16.6(0.05%),P:1e-244	Tpos:103.4,Tstd:51.9,Bpos:98.7,Bstd:53.2,StrandBias:0.0,Multiplicity:2.13
0.102	0.008	0.866	0.024
0.118	0.063	0.670	0.149
0.505	0.024	0.368	0.103
0.936	0.001	0.062	0.001
0.028	0.008	0.008	0.956
0.859	0.001	0.034	0.106
0.108	0.773	0.071	0.048
0.847	0.129	0.016	0.008
0.055	0.154	0.055	0.736
0.707	0.196	0.031	0.066
0.016	0.110	0.832	0.042
0.730	0.039	0.176	0.055
>CTGAAGSATTGA	3-CTGAAGSATTGA	12.568555	-475.044289	0	T:105.0(0.70%),B:1.9(0.01%),P:1e-206	Tpos:101.8,Tstd:56.6,Bpos:37.8,Bstd:7.7,StrandBias:0.3,Multiplicity:1.47
0.001	0.997	0.001	0.001
0.001	0.001	0.001	0.997
0.001	0.001	0.997	0.001
0.997	0.001	0.001	0.001
0.977	0.001	0.001	0.021
0.052	0.001	0.946	0.001
0.001	0.546	0.452	0.001
0.997	0.001	0.001	0.001
0.001	0.001	0.001	0.997
0.001	0.001	0.001	0.997
0.001	0.001	0.956	0.042
0.997	0.001	0.001	0.001
>CGGTYCCTGACT	4-CGGTYCCTGACT	12.514683	-442.234428	0	T:99.0(0.66%),B:1.7(0.00%),P:1e-192	Tpos:103.3,Tstd:55.4,Bpos:51.2,Bstd:57.0,StrandBias:-0.0,Multiplicity:1.47
0.001	0.849	0.100	0.050
0.001	0.003	0.995	0.001
0.154	0.050	0.795	0.001
0.017	0.150	0.001	0.832
0.150	0.490	0.001	0.358
0.149	0.849	0.001	0.001
0.001	0.997	0.001	0.001
0.001	0.001	0.001	0.997
0.001	0.100	0.849	0.050
0.985	0.001	0.013	0.001
0.060	0.840	0.050	0.050
0.100	0.050	0.001	0.849
>CCCACAATGCTG	5-CCCACAATGCTG	13.415577	-421.984838	0	T:109.0(0.72%),B:2.3(0.01%),P:1e-183	Tpos:101.2,Tstd:53.6,Bpos:67.7,Bstd:14.3,StrandBias:-0.9,Multiplicity:1.60
0.001	0.997	0.001	0.001
0.407	0.591	0.001	0.001
0.115	0.682	0.001	0.202
0.997	0.001	0.001	0.001
0.001	0.997	0.001	0.001
0.997	0.001	0.001	0.001
0.997	0.001	0.001	0.001
0.001	0.001	0.115	0.883
0.001	0.001	0.997	0.001
0.001	0.883	0.001	0.115
0.001	0.001	0.001	0.997
0.001	0.001	0.997	0.001
>GGCTTCTCTCCT	6-GGCTTCTCTCCT	16.590424	-420.562256	0	T:95.0(0.63%),B:1.8(0.01%),P:1e-182	Tpos:107.1,Tstd:54.5,Bpos:165.0,Bstd:0.0,StrandBias:-0.6,Multiplicity:1.66
0.001	0.001	0.997	0.001
0.001	0.001	0.997	0.001
0.001	0.990	0.008	0.001
0.001	0.001	0.001	0.997
0.001	0.001	0.001	0.997
0.001	0.997	0.001	0.001
0.001	0.002	0.001	0.996
0.001	0.997	0.001	0.001
0.001	0.001	0.001	0.997
0.001	0.997	0.001	0.001
0.001	0.997	0.001	0.001
0.001	0.001	0.002	0.996
>ATACATAGAATG	7-ATACATAGAATG	12.846656	-399.058723	0	T:91.0(0.60%),B:1.8(0.01%),P:1e-173	Tpos:97.2,Tstd:54.0,Bpos:111.4,Bstd:36.3,StrandBias:-0.3,Multiplicity:1.51
0.997	0.001	0.001	0.001
0.072	0.028	0.001	0.899
0.816	0.028	0.155	0.001
0.127	0.810	0.001	0.062
0.899	0.072	0.001	0.028
0.001	0.001	0.001	0.997
0.745	0.066	0.188	0.001
0.028	0.057	0.914	0.001
0.997	0.001	0.001	0.001
0.872	0.001	0.001	0.126
0.028	0.001	0.028	0.943
0.001	0.001	0.997	0.001
>TGAAGTCACAAT	8-TGAAGTCACAAT	12.470684	-383.046128	0	T:88.0(0.58%),B:1.8(0.01%),P:1e-166	Tpos:100.0,Tstd:51.4,Bpos:132.2,Bstd:0.9,StrandBias:-0.2,Multiplicity:1.39
0.001	0.008	0.001	0.990
0.005	0.002	0.992	0.001
0.978	0.002	0.002	0.018
0.997	0.001	0.001	0.001
0.004	0.001	0.994	0.001
0.001	0.001	0.001	0.997
0.001	0.923	0.071	0.005
0.994	0.002	0.002	0.002
0.001	0.997	0.001	0.001
0.997	0.001	0.001	0.001
0.994	0.001	0.001	0.004
0.005	0.001	0.013	0.981
>TTAGTAGTCCCT	9-TTAGTAGTCCCT	10.260850	-361.855749	0	T:84.0(0.56%),B:1.5(0.00%),P:1e-157	Tpos:99.1,Tstd:53.1,Bpos:38.0,Bstd:0.0,StrandBias:-0.5,Multiplicity:1.99
0.004	0.001	0.001	0.994
0.001	0.002	0.002	0.995
0.997	0.001	0.001	0.001
0.037	0.002	0.959	0.002
0.001	0.008	0.004	0.987
0.997	0.001	0.001	0.001
0.030	0.001	0.968	0.001
0.008	0.001	0.002	0.989
0.002	0.994	0.002	0.002
0.001	0.997	0.001	0.001
0.001	0.971	0.002	0.026
0.001	0.008	0.002	0.989
>GAGAGTCCACAC	10-GAGAGTCCACAC	10.127414	-357.829474	0	T:137.0(0.91%),B:9.2(0.03%),P:1e-155	Tpos:106.1,Tstd:51.3,Bpos:89.0,Bstd:83.3,StrandBias:0.4,Multiplicity:1.69
0.012	0.095	0.892	0.001
0.997	0.001	0.001	0.001
0.001	0.029	0.906	0.064
0.997	0.001	0.001	0.001
0.252	0.001	0.746	0.001
0.001	0.001	0.001	0.997
0.001	0.997	0.001	0.001
0.001	0.997	0.001	0.001
0.997	0.001	0.001	0.001
0.001	0.997	0.001	0.001
0.997	0.001	0.001	0.001
0.001	0.997	0.001	0.001
>AAATGTTTTTCT	11-AAATGTTTTTCT	10.071169	-318.477434	0	T:102.0(0.68%),B:4.2(0.01%),P:1e-138	Tpos:106.7,Tstd:53.1,Bpos:99.8,Bstd:47.3,StrandBias:0.7,Multiplicity:1.52
0.994	0.004	0.001	0.001
0.997	0.001	0.001	0.001
0.958	0.040	0.001	0.001
0.001	0.002	0.117	0.880
0.001	0.001	0.997	0.001
0.001	0.001	0.001	0.997
0.001	0.001	0.001	0.997
0.001	0.004	0.001	0.994
0.001	0.001	0.001	0.997
0.001	0.001	0.001	0.997
0.001	0.997	0.001	0.001
0.013	0.001	0.002	0.984
>ACATTCACCCTC	12-ACATTCACCCTC	11.872364	-304.059107	0	T:84.0(0.56%),B:2.9(0.01%),P:1e-132	Tpos:104.7,Tstd:51.6,Bpos:61.3,Bstd:18.4,StrandBias:-0.2,Multiplicity:1.17
0.800	0.092	0.090	0.018
0.037	0.926	0.036	0.001
0.834	0.073	0.020	0.073
0.072	0.054	0.082	0.792
0.037	0.091	0.109	0.763
0.055	0.610	0.073	0.262
0.827	0.082	0.037	0.054
0.058	0.867	0.020	0.055
0.037	0.826	0.019	0.118
0.001	0.906	0.072	0.021
0.082	0.019	0.072	0.827
0.082	0.706	0.094	0.118
>CCACCTCTGCAT	13-CCACCTCTGCAT	11.957964	-284.168616	0	T:69.0(0.46%),B:1.3(0.00%),P:1e-123	Tpos:102.3,Tstd:49.5,Bpos:123.3,Bstd:32.2,StrandBias:-0.0,Multiplicity:1.00
0.001	0.980	0.018	0.001
0.003	0.995	0.001	0.001
0.995	0.001	0.003	0.001
0.001	0.988	0.010	0.001
0.001	0.995	0.003	0.001
0.001	0.003	0.001	0.995
0.001	0.997	0.001	0.001
0.001	0.001	0.003	0.995
0.004	0.001	0.985	0.010
0.001	0.997	0.001	0.001
0.997	0.001	0.001	0.001
0.001	0.001	0.001	0.997
>GCGTATGTCACC	14-GCGTATGTCACC	10.871025	-253.969950	0	T:63.0(0.42%),B:1.7(0.01%),P:1e-110	Tpos:96.4,Tstd:53.2,Bpos:63.6,Bstd:30.6,StrandBias:0.4,Multiplicity:1.38
0.083	0.064	0.791	0.062
0.152	0.605	0.134	0.109
0.148	0.110	0.611	0.131
0.098	0.130	0.077	0.695
0.730	0.093	0.111	0.066
0.047	0.042	0.091	0.820
0.080	0.069	0.793	0.058
0.069	0.067	0.086	0.778
0.062	0.816	0.077	0.045
0.761	0.109	0.045	0.085
0.070	0.790	0.072	0.068
0.085	0.812	0.046	0.057
>CTGATGCTCCTT	15-CTGATGCTCCTT	11.140495	-238.268653	0	T:95.0(0.63%),B:8.0(0.02%),P:1e-103	Tpos:101.3,Tstd:53.3,Bpos:152.5,Bstd:37.3,StrandBias:0.4,Multiplicity:1.63
0.001	0.997	0.001	0.001
0.001	0.001	0.001	0.997
0.010	0.045	0.944	0.001
0.997	0.001	0.001	0.001
0.001	0.001	0.001	0.997
0.001	0.001	0.997	0.001
0.001	0.997	0.001	0.001
0.001	0.001	0.001	0.997
0.001	0.997	0.001	0.001
0.001	0.894	0.015	0.090
0.001	0.001	0.001	0.997
0.005	0.001	0.001	0.993
>CGATTTCSATAT	16-CGATTTCSATAT	10.420161	-236.768499	0	T:69.0(0.46%),B:2.8(0.01%),P:1e-102	Tpos:96.3,Tstd:49.9,Bpos:94.1,Bstd:8.1,StrandBias:-0.2,Multiplicity:1.03
0.001	0.997	0.001	0.001
0.007	0.001	0.991	0.001
0.997	0.001	0.001	0.001
0.001	0.001	0.001	0.997
0.001	0.001	0.001	0.997
0.001	0.001	0.001	0.997
0.001	0.589	0.001	0.409
0.001	0.409	0.498	0.092
0.997	0.001	0.001	0.001
0.001	0.001	0.001	0.997
0.997	0.001	0.001	0.001
0.001	0.001	0.001	0.997
>ATCGGTACGACT	17-ATCGGTACGACT	11.684859	-233.347000	0	T:75.0(0.50%),B:3.9(0.01%),P:1e-101	Tpos:109.3,Tstd:58.0,Bpos:120.6,Bstd:69.5,StrandBias:0.6,Multiplicity:1.35
0.865	0.028	0.014	0.093
0.070	0.001	0.056	0.873
0.014	0.761	0.042	0.183
0.162	0.076	0.616	0.146
0.001	0.014	0.971	0.014
0.028	0.064	0.028	0.880
0.985	0.001	0.001	0.013
0.320	0.532	0.028	0.120
0.042	0.042	0.902	0.014
0.916	0.014	0.056	0.014
0.138	0.784	0.028	0.050
0.042	0.028	0.001	0.929
>TTCTSCCATGCA	18-TTCTSCCATGCA	13.610026	-204.505843	0	T:299.0(1.99%),B:165.2(0.48%),P:1e-88	Tpos:99.4,Tstd:53.8,Bpos:97.5,Bstd:60.0,StrandBias:-0.0,Multiplicity:1.55
0.020	0.012	0.015	0.953
0.020	0.025	0.021	0.934
0.027	0.916	0.036	0.021
0.018	0.012	0.030	0.940
0.026	0.442	0.517	0.015
0.012	0.946	0.008	0.034
0.025	0.758	0.022	0.195
0.897	0.030	0.009	0.064
0.015	0.013	0.049	0.923
0.050	0.021	0.894	0.035
0.029	0.596	0.038	0.337
0.801	0.036	0.002	0.161
>GTCCAACCCTCC	19-GTCCAACCCTCC	10.773210	-174.016897	0	T:60.0(0.40%),B:3.7(0.01%),P:1e-75	Tpos:95.9,Tstd:50.9,Bpos:98.4,Bstd:36.9,StrandBias:0.5,Multiplicity:1.47
0.001	0.001	0.997	0.001
0.001	0.001	0.003	0.995
0.001	0.997	0.001	0.001
0.001	0.995	0.003	0.001
0.995	0.001	0.003	0.001
0.997	0.001	0.001	0.001
0.001	0.989	0.001	0.009
0.001	0.997	0.001	0.001
0.001	0.989	0.009	0.001
0.001	0.001	0.001	0.997
0.001	0.997	0.001	0.001
0.001	0.997	0.001	0.001
>AATCCTAACCCT	20-AATCCTAACCCT	16.028247	-148.616674	0	T:41.0(0.27%),B:0.4(0.00%),P:1e-64	Tpos:104.2,Tstd:47.4,Bpos:179.0,Bstd:0.0,StrandBias:-0.3,Multiplicity:1.29
0.995	0.001	0.002	0.002
0.987	0.001	0.006	0.006
0.006	0.251	0.074	0.669
0.001	0.996	0.001	0.002
0.001	0.996	0.001	0.002
0.001	0.001	0.001	0.997
0.996	0.002	0.001	0.001
0.991	0.001	0.002	0.006
0.011	0.872	0.001	0.116
0.001	0.982	0.001	0.016
0.001	0.996	0.001	0.002
0.001	0.002	0.001	0.996
>TCCCTATGGGCA	21-TCCCTATGGGCA	13.524572	-132.707770	0	T:79.0(0.52%),B:14.4(0.04%),P:1e-57	Tpos:101.3,Tstd:51.7,Bpos:102.5,Bstd:53.9,StrandBias:-1.1,Multiplicity:3.15
0.001	0.001	0.001	0.997
0.001	0.730	0.001	0.268
0.001	0.718	0.001	0.280
0.001	0.949	0.001	0.049
0.001	0.001	0.001	0.997
0.987	0.011	0.001	0.001
0.006	0.001	0.012	0.981
0.016	0.001	0.982	0.001
0.001	0.001	0.995	0.003
0.013	0.001	0.985	0.001
0.001	0.997	0.001	0.001
0.874	0.097	0.001	0.028
>TATATATACACA	22-TATATATACACA	14.193162	-102.111912	0	T:87.0(0.58%),B:27.9(0.08%),P:1e-44	Tpos:101.1,Tstd:53.1,Bpos:114.2,Bstd:94.5,StrandBias:-0.0,Multiplicity:1.41
0.033	0.087	0.010	0.870
0.912	0.013	0.061	0.014
0.016	0.084	0.013	0.887
0.953	0.012	0.028	0.007
0.006	0.206	0.010	0.778
0.957	0.007	0.020	0.016
0.056	0.322	0.012	0.610
0.963	0.005	0.018	0.014
0.074	0.534	0.008	0.384
0.984	0.009	0.003	0.004
0.033	0.578	0.013	0.376
0.976	0.004	0.005	0.015
>YAYAYACACACA	23-YAYAYACACACA	11.083493	-80.844751	0	T:152.0(1.01%),B:105.0(0.30%),P:1e-35	Tpos:103.9,Tstd:51.6,Bpos:109.5,Bstd:85.3,StrandBias:-0.3,Multiplicity:1.40
0.085	0.383	0.091	0.441
0.751	0.035	0.156	0.058
0.155	0.351	0.082	0.412
0.741	0.016	0.152	0.091
0.048	0.401	0.108	0.443
0.801	0.012	0.089	0.098
0.093	0.558	0.055	0.294
0.862	0.025	0.033	0.080
0.035	0.576	0.052	0.337
0.906	0.030	0.042	0.022
0.054	0.572	0.157	0.217
0.884	0.050	0.006	0.060
>TGTGTGTRTDTR	24-TGTGTGTRTDTR	5.793061	-74.874939	0	T:3057.0(20.30%),B:5734.1(16.57%),P:1e-32	Tpos:98.8,Tstd:56.4,Bpos:99.8,Bstd:67.9,StrandBias:0.1,Multiplicity:1.34
0.017	0.001	0.051	0.931
0.214	0.140	0.574	0.072
0.008	0.057	0.018	0.917
0.358	0.040	0.548	0.054
0.001	0.001	0.001	0.997
0.297	0.062	0.554	0.087
0.025	0.013	0.001	0.961
0.399	0.135	0.426	0.040
0.088	0.137	0.001	0.774
0.343	0.041	0.369	0.246
0.031	0.159	0.022	0.788
0.491	0.049	0.389	0.071
>AGACAGAGCCAG	25-AGACAGAGCCAG	15.495412	-40.790743	0	T:15.0(0.10%),B:1.7(0.00%),P:1e-17	Tpos:107.0,Tstd:48.5,Bpos:158.2,Bstd:30.5,StrandBias:-0.9,Multiplicity:7.20
0.997	0.001	0.001	0.001
0.001	0.001	0.997	0.001
0.997	0.001	0.001	0.001
0.001	0.658	0.001	0.340
0.995	0.002	0.002	0.001
0.002	0.006	0.990	0.002
0.997	0.001	0.001	0.001
0.002	0.002	0.995	0.001
0.001	0.997	0.001	0.001
0.002	0.980	0.002	0.016
0.997	0.001	0.001	0.001
0.001	0.001	0.997	0.001
>CTATGTAT	1-CTATGTAT	11.013810	-192.538858	0	T:311.0(2.07%),B:187.6(0.54%),P:1e-83	Tpos:102.1,Tstd:54.4,Bpos:96.6,Bstd:65.9,StrandBias:0.0,Multiplicity:2.20
0.001	0.997	0.001	0.001
0.001	0.001	0.052	0.946
0.997	0.001	0.001	0.001
0.001	0.001	0.001	0.997
0.001	0.001	0.997	0.001
0.001	0.001	0.001	0.997
0.997	0.001	0.001	0.001
0.001	0.001	0.001	0.997
>ACATCGAA	2-ACATCGAA	8.573228	-154.431838	0	T:147.0(0.98%),B:52.7(0.15%),P:1e-67	Tpos:98.3,Tstd:56.4,Bpos:101.9,Bstd:52.7,StrandBias:-0.3,Multiplicity:1.08
0.997	0.001	0.001	0.001
0.001	0.847	0.001	0.151
0.901	0.001	0.097	0.001
0.001	0.001	0.001	0.997
0.001	0.997	0.001	0.001
0.001	0.001	0.997	0.001
0.997	0.001	0.001	0.001
0.997	0.001	0.001	0.001
>GGCCTTTG	3-GGCCTTTG	7.692803	-120.147187	0	T:1174.0(7.80%),B:1692.0(4.89%),P:1e-52	Tpos:99.8,Tstd:53.8,Bpos:98.6,Bstd:59.8,StrandBias:-0.1,Multiplicity:1.17
0.001	0.001	0.954	0.044
0.108	0.001	0.880	0.011
0.127	0.790	0.071	0.012
0.256	0.687	0.017	0.040
0.001	0.060	0.012	0.927
0.001	0.049	0.017	0.933
0.039	0.001	0.001	0.959
0.013	0.001	0.985	0.001
>ARSCAATC	4-ARSCAATC	8.354378	-105.643346	0	T:633.0(4.20%),B:785.0(2.27%),P:1e-45	Tpos:97.0,Tstd:55.1,Bpos:99.3,Bstd:59.1,StrandBias:-0.3,Multiplicity:1.31
0.997	0.001	0.001	0.001
0.444	0.001	0.440	0.115
0.001	0.574	0.424	0.001
0.001	0.997	0.001	0.001
0.997	0.001	0.001	0.001
0.997	0.001	0.001	0.001
0.001	0.001	0.001	0.997
0.001	0.997	0.001	0.001
>ACAYASAK	5-ACAYASAK	5.983402	-104.323834	0	T:3921.0(26.04%),B:7330.6(21.19%),P:1e-45	Tpos:102.5,Tstd:55.2,Bpos:100.4,Bstd:68.5,StrandBias:-0.0,Multiplicity:1.46
0.651	0.270	0.066	0.013
0.012	0.560	0.098	0.330
0.941	0.026	0.001	0.032
0.090	0.416	0.082	0.412
0.912	0.001	0.006	0.081
0.161	0.420	0.322	0.097
0.803	0.001	0.065	0.131
0.011	0.252	0.438	0.300
>GTCATACC	6-GTCATACC	9.858661	-98.613069	0	T:166.0(1.10%),B:104.7(0.30%),P:1e-42	Tpos:100.3,Tstd:53.0,Bpos:99.6,Bstd:64.1,StrandBias:0.1,Multiplicity:1.44
0.001	0.001	0.997	0.001
0.001	0.001	0.001	0.997
0.001	0.997	0.001	0.001
0.700	0.001	0.298	0.001
0.001	0.001	0.001	0.997
0.997	0.001	0.001	0.001
0.001	0.997	0.001	0.001
0.001	0.997	0.001	0.001
>AGMRTCAG	7-AGMRTCAG	8.292877	-95.255139	0	T:627.0(4.16%),B:802.8(2.32%),P:1e-41	Tpos:99.5,Tstd:55.6,Bpos:101.5,Bstd:64.6,StrandBias:-0.0,Multiplicity:1.33
0.701	0.076	0.001	0.222
0.135	0.001	0.863	0.001
0.382	0.405	0.077	0.136
0.370	0.143	0.430	0.057
0.001	0.030	0.001	0.968
0.001	0.906	0.092	0.001
0.900	0.032	0.067	0.001
0.001	0.001	0.852	0.146
>TCCCTTSS	8-TCCCTTSS	5.467047	-92.600911	0	T:2715.0(18.03%),B:4880.3(14.10%),P:1e-40	Tpos:100.2,Tstd:56.1,Bpos:99.6,Bstd:60.8,StrandBias:0.0,Multiplicity:1.26
0.076	0.144	0.295	0.485
0.044	0.600	0.065	0.291
0.004	0.615	0.128	0.253
0.173	0.521	0.008	0.298
0.203	0.001	0.009	0.787
0.127	0.266	0.077	0.530
0.108	0.421	0.307	0.164
0.033	0.420	0.529	0.018
>CCTCRTCG	9-CCTCRTCG	10.362076	-91.213989	0	T:188.0(1.25%),B:137.7(0.40%),P:1e-39	Tpos:107.0,Tstd:53.6,Bpos:98.1,Bstd:62.1,StrandBias:-0.1,Multiplicity:1.27
0.001	0.997	0.001	0.001
0.001	0.997	0.001	0.001
0.001	0.001	0.001	0.997
0.001	0.997	0.001	0.001
0.505	0.001	0.493	0.001
0.001	0.001	0.001	0.997
0.001	0.997	0.001	0.001
0.001	0.001	0.997	0.001
>TCCTAGAG	10-TCCTAGAG	8.997849	-90.134243	0	T:357.0(2.37%),B:375.2(1.08%),P:1e-39	Tpos:100.0,Tstd:53.4,Bpos:99.0,Bstd:69.8,StrandBias:0.0,Multiplicity:1.33
0.001	0.001	0.001	0.997
0.001	0.997	0.001	0.001
0.001	0.997	0.001	0.001
0.001	0.001	0.001	0.997
0.997	0.001	0.001	0.001
0.001	0.001	0.997	0.001
0.872	0.126	0.001	0.001
0.001	0.001	0.997	0.001
>ACTCTCTG	11-ACTCTCTG	8.989881	-82.708929	0	T:514.0(3.41%),B:645.2(1.86%),P:1e-35	Tpos:102.0,Tstd:57.0,Bpos:97.5,Bstd:64.7,StrandBias:-0.2,Multiplicity:1.16
0.997	0.001	0.001	0.001
0.001	0.997	0.001	0.001
0.001	0.001	0.001	0.997
0.001	0.997	0.001	0.001
0.001	0.001	0.001	0.997
0.001	0.873	0.001	0.125
0.001	0.001	0.001	0.997
0.001	0.001	0.997	0.001
>CTACTAAG	12-CTACTAAG	8.236954	-80.119809	0	T:135.0(0.90%),B:85.9(0.25%),P:1e-34	Tpos:100.4,Tstd:56.0,Bpos:111.9,Bstd:59.2,StrandBias:0.1,Multiplicity:1.50
0.100	0.700	0.100	0.100
0.100	0.100	0.100	0.700
0.700	0.100	0.100	0.100
0.100	0.700	0.100	0.100
0.100	0.100	0.100	0.700
0.700	0.100	0.100	0.100
0.700	0.100	0.100	0.100
0.100	0.100	0.700	0.100
>TTGTGAYY	13-TTGTGAYY	8.380970	-78.294492	0	T:415.0(2.76%),B:492.6(1.42%),P:1e-34	Tpos:101.9,Tstd:55.6,Bpos:101.0,Bstd:63.9,StrandBias:0.2,Multiplicity:1.20
0.001	0.001	0.175	0.823
0.322	0.030	0.001	0.647
0.001	0.010	0.643	0.346
0.001	0.001	0.010	0.988
0.001	0.001	0.997	0.001
0.997	0.001	0.001	0.001
0.001	0.509	0.001	0.489
0.001	0.459	0.151	0.389
>ATTGGAKA	14-ATTGGAKA	8.555836	-75.457693	0	T:140.0(0.93%),B:95.9(0.28%),P:1e-32	Tpos:99.2,Tstd:53.2,Bpos:99.3,Bstd:56.2,StrandBias:-0.0,Multiplicity:1.08
0.937	0.001	0.001	0.061
0.001	0.111	0.001	0.887
0.271	0.053	0.202	0.474
0.001	0.278	0.720	0.001
0.052	0.001	0.946	0.001
0.808	0.001	0.190	0.001
0.001	0.001	0.490	0.508
0.720	0.001	0.278	0.001
>TCTTACCG	15-TCTTACCG	8.236954	-74.513870	0	T:40.0(0.27%),B:6.9(0.02%),P:1e-32	Tpos:118.1,Tstd:64.8,Bpos:132.9,Bstd:31.6,StrandBias:-0.6,Multiplicity:1.07
0.100	0.100	0.100	0.700
0.100	0.700	0.100	0.100
0.100	0.100	0.100	0.700
0.100	0.100	0.100	0.700
0.700	0.100	0.100	0.100
0.100	0.700	0.100	0.100
0.100	0.700	0.100	0.100
0.100	0.100	0.700	0.100
>GTCAGGCT	16-GTCAGGCT	10.078518	-72.896310	0	T:223.0(1.48%),B:207.0(0.60%),P:1e-31	Tpos:104.1,Tstd:53.2,Bpos:91.7,Bstd:60.7,StrandBias:0.1,Multiplicity:1.19
0.001	0.001	0.997	0.001
0.001	0.001	0.001	0.997
0.116	0.566	0.001	0.317
0.997	0.001	0.001	0.001
0.001	0.001	0.997	0.001
0.001	0.001	0.997	0.001
0.001	0.654	0.344	0.001
0.001	0.001	0.001	0.997
>GTGGGAAA	17-GTGGGAAA	8.552108	-71.476999	0	T:617.0(4.10%),B:858.4(2.48%),P:1e-31	Tpos:98.0,Tstd:55.4,Bpos:96.9,Bstd:56.0,StrandBias:0.2,Multiplicity:1.39
0.001	0.001	0.889	0.109
0.001	0.260	0.001	0.738
0.001	0.001	0.997	0.001
0.001	0.001	0.997	0.001
0.001	0.001	0.997	0.001
0.997	0.001	0.001	0.001
0.997	0.001	0.001	0.001
0.997	0.001	0.001	0.001
>TCTGCCAT	18-TCTGCCAT	10.783097	-63.382385	0	T:491.0(3.26%),B:662.2(1.91%),P:1e-27	Tpos:102.0,Tstd:55.4,Bpos:101.0,Bstd:62.2,StrandBias:0.0,Multiplicity:1.34
0.001	0.001	0.001	0.997
0.001	0.997	0.001	0.001
0.001	0.001	0.033	0.965
0.001	0.222	0.776	0.001
0.001	0.997	0.001	0.001
0.001	0.997	0.001	0.001
0.997	0.001	0.001	0.001
0.001	0.001	0.001	0.997
>TCGAAATC	19-TCGAAATC	10.070246	-60.374394	0	T:67.0(0.44%),B:29.1(0.08%),P:1e-26	Tpos:94.8,Tstd:51.9,Bpos:81.9,Bstd:52.1,StrandBias:0.6,Multiplicity:1.04
0.001	0.001	0.001	0.997
0.001	0.997	0.001	0.001
0.001	0.001	0.997	0.001
0.997	0.001	0.001	0.001
0.712	0.001	0.001	0.286
0.722	0.001	0.276	0.001
0.001	0.001	0.001	0.997
0.277	0.712	0.001	0.010
>ATTGAGAC	20-ATTGAGAC	10.653807	-54.496210	0	T:144.0(0.96%),B:125.0(0.36%),P:1e-23	Tpos:98.2,Tstd:56.0,Bpos:101.4,Bstd:60.2,StrandBias:0.5,Multiplicity:1.37
0.997	0.001	0.001	0.001
0.001	0.001	0.001	0.997
0.001	0.001	0.001	0.997
0.001	0.001	0.997	0.001
0.660	0.001	0.001	0.338
0.001	0.001	0.997	0.001
0.997	0.001	0.001	0.001
0.001	0.997	0.001	0.001
>CTATGGGC	21-CTATGGGC	8.708398	-51.424404	0	T:442.0(2.93%),B:615.9(1.78%),P:1e-22	Tpos:102.7,Tstd:54.4,Bpos:96.4,Bstd:55.9,StrandBias:-0.2,Multiplicity:1.48
0.001	0.997	0.001	0.001
0.143	0.001	0.001	0.855
0.997	0.001	0.001	0.001
0.001	0.001	0.001	0.997
0.001	0.001	0.997	0.001
0.001	0.001	0.997	0.001
0.001	0.001	0.888	0.110
0.001	0.997	0.001	0.001
>TRTRTATA	22-TRTRTATA	7.331732	-48.121244	0	T:315.0(2.09%),B:404.3(1.17%),P:1e-20	Tpos:102.2,Tstd:54.8,Bpos:100.3,Bstd:74.1,StrandBias:0.0,Multiplicity:1.44
0.067	0.065	0.110	0.758
0.338	0.220	0.441	0.001
0.073	0.146	0.220	0.561
0.395	0.067	0.465	0.072
0.080	0.073	0.001	0.846
0.531	0.141	0.327	0.001
0.001	0.001	0.068	0.930
0.640	0.155	0.001	0.204
>ATATATAT	23-ATATATAT	10.808810	-46.467843	0	T:204.0(1.35%),B:226.9(0.66%),P:1e-20	Tpos:85.6,Tstd:59.0,Bpos:88.5,Bstd:68.5,StrandBias:0.0,Multiplicity:1.32
0.905	0.001	0.093	0.001
0.001	0.001	0.001	0.997
0.997	0.001	0.001	0.001
0.001	0.001	0.001	0.997
0.997	0.001	0.001	0.001
0.001	0.149	0.001	0.849
0.997	0.001	0.001	0.001
0.001	0.001	0.001	0.997
>GAGAAGCA	24-GAGAAGCA	6.278061	-32.602653	0	T:892.0(5.92%),B:1576.9(4.56%),P:1e-14	Tpos:101.0,Tstd:55.8,Bpos:101.7,Bstd:61.5,StrandBias:0.2,Multiplicity:1.23
0.001	0.001	0.997	0.001
0.819	0.179	0.001	0.001
0.001	0.001	0.997	0.001
0.997	0.001	0.001	0.001
0.997	0.001	0.001	0.001
0.001	0.001	0.954	0.044
0.001	0.997	0.001	0.001
0.769	0.229	0.001	0.001
>CTGCTGCT	25-CTGCTGCT	8.871097	-30.673049	0	T:1008.0(6.69%),B:1827.7(5.28%),P:1e-13	Tpos:101.6,Tstd:52.2,Bpos:101.1,Bstd:66.8,StrandBias:0.2,Multiplicity:1.13
0.001	0.997	0.001	0.001
0.001	0.001	0.001	0.997
0.001	0.001	0.997	0.001
0.001	0.997	0.001	0.001
0.001	0.001	0.001	0.997
0.001	0.001	0.997	0.001
0.001	0.887	0.111	0.001
0.001	0.001	0.001	0.997
