>GCCCCGCCCC	1-GCCCCGCCCC	8.194168	-1999.949097	0	T:2488.0(15.34%),B:1070.6(3.30%),P:1e-868	Tpos:102.0,Tstd:51.9,Bpos:99.2,Bstd:66.2,StrandBias:0.1,Multiplicity:1.54
0.070	0.001	0.889	0.040
0.001	0.997	0.001	0.001
0.001	0.940	0.001	0.058
0.386	0.612	0.001	0.001
0.001	0.997	0.001	0.001
0.001	0.001	0.997	0.001
0.001	0.997	0.001	0.001
0.001	0.997	0.001	0.001
0.001	0.901	0.001	0.097
0.331	0.556	0.001	0.112
>GCCAATCRGA	2-GCCAATCRGA	7.606558	-1675.473755	0	T:2394.0(14.76%),B:1170.4(3.61%),P:1e-727	Tpos:103.4,Tstd:50.0,Bpos:101.8,Bstd:60.8,StrandBias:0.2,Multiplicity:1.39
0.273	0.035	0.559	0.133
0.001	0.885	0.001	0.113
0.001	0.997	0.001	0.001
0.997	0.001	0.001	0.001
0.995	0.001	0.003	0.001
0.001	0.001	0.012	0.986
0.139	0.692	0.168	0.001
0.505	0.112	0.372	0.011
0.174	0.222	0.509	0.095
0.540	0.232	0.194	0.034
>TGCGCATGCG	3-TGCGCATGCG	9.041075	-1008.280229	0	T:1071.0(6.60%),B:376.6(1.16%),P:1e-437	Tpos:100.8,Tstd:52.8,Bpos:98.3,Bstd:77.7,StrandBias:0.0,Multiplicity:1.29
0.051	0.173	0.128	0.648
0.034	0.003	0.962	0.001
0.037	0.958	0.004	0.001
0.007	0.001	0.991	0.001
0.001	0.997	0.001	0.001
0.933	0.044	0.014	0.009
0.016	0.027	0.079	0.878
0.002	0.001	0.996	0.001
0.001	0.989	0.001	0.009
0.008	0.005	0.928	0.059
>DGTGACGTCA	4-DGTGACGTCA	7.594937	-656.469876	0	T:940.0(5.80%),B:445.8(1.38%),P:1e-285	Tpos:99.2,Tstd:50.4,Bpos:100.0,Bstd:66.8,StrandBias:-0.0,Multiplicity:1.17
0.272	0.139	0.319	0.271
0.171	0.275	0.432	0.122
0.145	0.151	0.007	0.697
0.009	0.302	0.571	0.118
0.862	0.003	0.099	0.036
0.056	0.893	0.032	0.019
0.012	0.107	0.722	0.159
0.047	0.198	0.001	0.754
0.129	0.592	0.268	0.011
0.750	0.001	0.103	0.146
>TCCCACAATG	5-TCCCACAATG	10.296193	-608.782835	0	T:232.0(1.43%),B:13.7(0.04%),P:1e-264	Tpos:100.7,Tstd:53.6,Bpos:120.7,Bstd:50.0,StrandBias:-0.6,Multiplicity:1.56
0.100	0.100	0.100	0.700
0.100	0.700	0.100	0.100
0.100	0.700	0.100	0.100
0.100	0.700	0.100	0.100
0.700	0.100	0.100	0.100
0.100	0.700	0.100	0.100
0.700	0.100	0.100	0.100
0.700	0.100	0.100	0.100
0.100	0.100	0.100	0.700
0.100	0.100	0.700	0.100
>GAGTCCACAC	6-GAGTCCACAC	10.296193	-583.047681	0	T:198.0(1.22%),B:8.1(0.02%),P:1e-253	Tpos:108.0,Tstd:50.5,Bpos:69.0,Bstd:44.0,StrandBias:0.5,Multiplicity:1.53
0.100	0.100	0.700	0.100
0.700	0.100	0.100	0.100
0.100	0.100	0.700	0.100
0.100	0.100	0.100	0.700
0.100	0.700	0.100	0.100
0.100	0.700	0.100	0.100
0.700	0.100	0.100	0.100
0.100	0.700	0.100	0.100
0.700	0.100	0.100	0.100
0.100	0.700	0.100	0.100
>GAAGCCATAC	7-GAAGCCATAC	10.296193	-576.567190	0	T:183.0(1.13%),B:6.3(0.02%),P:1e-250	Tpos:107.2,Tstd:50.4,Bpos:79.6,Bstd:26.2,StrandBias:0.7,Multiplicity:1.58
0.100	0.100	0.700	0.100
0.700	0.100	0.100	0.100
0.700	0.100	0.100	0.100
0.100	0.100	0.700	0.100
0.100	0.700	0.100	0.100
0.100	0.700	0.100	0.100
0.700	0.100	0.100	0.100
0.100	0.100	0.100	0.700
0.700	0.100	0.100	0.100
0.100	0.700	0.100	0.100
>ATGTWTTYCT	8-ATGTWTTYCT	12.261041	-529.268531	0	T:330.0(2.03%),B:54.2(0.17%),P:1e-229	Tpos:104.3,Tstd:55.5,Bpos:100.8,Bstd:48.4,StrandBias:0.2,Multiplicity:1.50
0.997	0.001	0.001	0.001
0.001	0.001	0.001	0.997
0.001	0.001	0.997	0.001
0.022	0.001	0.001	0.976
0.450	0.001	0.001	0.548
0.001	0.001	0.001	0.997
0.001	0.062	0.001	0.936
0.001	0.513	0.001	0.485
0.001	0.997	0.001	0.001
0.028	0.001	0.001	0.970
>ACAAATGCCA	9-ACAAATGCCA	10.756788	-495.145001	0	T:208.0(1.28%),B:16.0(0.05%),P:1e-215	Tpos:97.1,Tstd:63.9,Bpos:103.2,Bstd:46.8,StrandBias:0.6,Multiplicity:1.23
0.997	0.001	0.001	0.001
0.001	0.997	0.001	0.001
0.997	0.001	0.001	0.001
0.997	0.001	0.001	0.001
0.997	0.001	0.001	0.001
0.001	0.001	0.001	0.997
0.001	0.001	0.997	0.001
0.001	0.997	0.001	0.001
0.001	0.952	0.001	0.046
0.997	0.001	0.001	0.001
>GTCATACCTA	10-GTCATACCTA	10.837899	-486.484347	0	T:243.0(1.50%),B:26.7(0.08%),P:1e-211	Tpos:103.6,Tstd:55.7,Bpos:96.6,Bstd:73.9,StrandBias:0.5,Multiplicity:1.40
0.001	0.001	0.997	0.001
0.001	0.001	0.006	0.992
0.001	0.997	0.001	0.001
0.997	0.001	0.001	0.001
0.252	0.182	0.097	0.470
0.997	0.001	0.001	0.001
0.006	0.992	0.001	0.001
0.001	0.996	0.001	0.002
0.150	0.001	0.107	0.742
0.997	0.001	0.001	0.001
>ACTTCCGGYW	11-ACTTCCGGYW	9.123685	-423.604610	0	T:455.0(2.81%),B:160.6(0.50%),P:1e-183	Tpos:102.2,Tstd:53.8,Bpos:101.1,Bstd:63.6,StrandBias:-0.2,Multiplicity:1.18
0.520	0.144	0.251	0.085
0.081	0.635	0.096	0.188
0.011	0.064	0.018	0.907
0.018	0.010	0.026	0.946
0.007	0.953	0.001	0.039
0.040	0.942	0.017	0.001
0.001	0.030	0.933	0.036
0.026	0.262	0.711	0.001
0.189	0.276	0.178	0.357
0.298	0.241	0.068	0.394
>TCTCTATGGT	12-TCTCTATGGT	8.677040	-329.871735	0	T:617.0(3.80%),B:362.0(1.12%),P:1e-143	Tpos:102.8,Tstd:53.1,Bpos:102.8,Bstd:66.5,StrandBias:-0.1,Multiplicity:1.27
0.346	0.033	0.079	0.542
0.029	0.878	0.017	0.076
0.024	0.157	0.056	0.763
0.015	0.950	0.021	0.014
0.072	0.031	0.019	0.878
0.848	0.026	0.027	0.099
0.103	0.030	0.055	0.812
0.048	0.020	0.886	0.046
0.021	0.072	0.871	0.036
0.015	0.278	0.136	0.571
>TCGAACGTCA	13-TCGAACGTCA	9.487104	-329.710879	0	T:80.0(0.49%),B:2.0(0.01%),P:1e-143	Tpos:90.5,Tstd:54.6,Bpos:76.5,Bstd:12.6,StrandBias:0.2,Multiplicity:1.04
0.042	0.001	0.042	0.915
0.015	0.879	0.050	0.056
0.107	0.001	0.891	0.001
0.908	0.001	0.001	0.090
0.957	0.001	0.001	0.041
0.001	0.957	0.001	0.041
0.001	0.001	0.957	0.041
0.042	0.042	0.001	0.915
0.008	0.884	0.107	0.001
0.594	0.190	0.108	0.108
>CTGATGCTCC	14-CTGATGCTCC	9.636197	-234.348133	0	T:121.0(0.75%),B:14.6(0.05%),P:1e-101	Tpos:100.3,Tstd:53.5,Bpos:59.3,Bstd:49.1,StrandBias:0.2,Multiplicity:1.45
0.001	0.997	0.001	0.001
0.001	0.001	0.001	0.997
0.001	0.001	0.997	0.001
0.997	0.001	0.001	0.001
0.001	0.001	0.001	0.997
0.001	0.001	0.997	0.001
0.001	0.997	0.001	0.001
0.001	0.001	0.001	0.997
0.001	0.997	0.001	0.001
0.001	0.983	0.015	0.001
>TCTGATGTGT	15-TCTGATGTGT	8.065774	-224.026355	0	T:162.0(1.00%),B:34.9(0.11%),P:1e-97	Tpos:101.9,Tstd:53.9,Bpos:108.1,Bstd:50.8,StrandBias:-0.5,Multiplicity:1.40
0.001	0.001	0.001	0.997
0.001	0.997	0.001	0.001
0.001	0.005	0.001	0.993
0.001	0.001	0.997	0.001
0.997	0.001	0.001	0.001
0.001	0.001	0.001	0.997
0.001	0.001	0.997	0.001
0.001	0.001	0.001	0.997
0.212	0.165	0.622	0.001
0.001	0.001	0.001	0.997
>KCACCAGCAG	16-KCACCAGCAG	9.863838	-217.920985	0	T:899.0(5.54%),B:836.5(2.58%),P:1e-94	Tpos:98.3,Tstd:57.4,Bpos:101.5,Bstd:56.8,StrandBias:0.0,Multiplicity:1.11
0.001	0.129	0.377	0.492
0.187	0.660	0.095	0.058
0.930	0.001	0.068	0.001
0.001	0.619	0.379	0.001
0.058	0.879	0.001	0.062
0.978	0.020	0.001	0.001
0.001	0.001	0.997	0.001
0.034	0.807	0.154	0.005
0.988	0.010	0.001	0.001
0.001	0.001	0.997	0.001
>TACATCGAAT	17-TACATCGAAT	11.080217	-213.406664	0	T:83.0(0.51%),B:6.0(0.02%),P:1e-92	Tpos:104.5,Tstd:53.9,Bpos:125.3,Bstd:55.0,StrandBias:-0.2,Multiplicity:3.55
0.001	0.001	0.001	0.997
0.997	0.001	0.001	0.001
0.001	0.834	0.001	0.164
0.669	0.165	0.165	0.001
0.001	0.001	0.164	0.834
0.175	0.823	0.001	0.001
0.001	0.001	0.997	0.001
0.997	0.001	0.001	0.001
0.997	0.001	0.001	0.001
0.001	0.001	0.164	0.834
>GTGACATATG	18-GTGACATATG	7.987899	-202.031912	0	T:63.0(0.39%),B:2.9(0.01%),P:1e-87	Tpos:102.7,Tstd:58.4,Bpos:145.7,Bstd:32.4,StrandBias:-0.4,Multiplicity:1.02
0.001	0.001	0.997	0.001
0.001	0.003	0.001	0.995
0.001	0.001	0.997	0.001
0.997	0.001	0.001	0.001
0.001	0.997	0.001	0.001
0.959	0.001	0.039	0.001
0.001	0.001	0.001	0.997
0.997	0.001	0.001	0.001
0.001	0.001	0.001	0.997
0.001	0.001	0.997	0.001
>CTAGAGCGTC	19-CTAGAGCGTC	9.158719	-200.654910	0	T:162.0(1.00%),B:40.5(0.13%),P:1e-87	Tpos:101.0,Tstd:53.0,Bpos:108.7,Bstd:66.6,StrandBias:-0.3,Multiplicity:1.82
0.014	0.984	0.001	0.001
0.001	0.001	0.001	0.997
0.997	0.001	0.001	0.001
0.001	0.001	0.997	0.001
0.997	0.001	0.001	0.001
0.084	0.032	0.806	0.078
0.152	0.846	0.001	0.001
0.001	0.001	0.997	0.001
0.001	0.001	0.001	0.997
0.014	0.966	0.001	0.019
>GMGTCASRGA	20-GMGTCASRGA	10.223867	-190.779941	0	T:136.0(0.84%),B:28.2(0.09%),P:1e-82	Tpos:103.5,Tstd:55.5,Bpos:94.2,Bstd:71.6,StrandBias:0.3,Multiplicity:1.31
0.001	0.001	0.997	0.001
0.555	0.443	0.001	0.001
0.001	0.001	0.997	0.001
0.200	0.001	0.001	0.798
0.001	0.997	0.001	0.001
0.590	0.307	0.001	0.102
0.001	0.533	0.465	0.001
0.369	0.065	0.484	0.082
0.001	0.001	0.860	0.138
0.573	0.380	0.001	0.046
>ATKGGAGAAS	21-ATKGGAGAAS	9.678567	-174.459374	0	T:299.0(1.84%),B:164.4(0.51%),P:1e-75	Tpos:100.5,Tstd:52.0,Bpos:103.7,Bstd:53.2,StrandBias:-0.0,Multiplicity:1.50
0.997	0.001	0.001	0.001
0.001	0.001	0.001	0.997
0.001	0.001	0.573	0.425
0.001	0.069	0.929	0.001
0.001	0.063	0.935	0.001
0.913	0.031	0.055	0.001
0.001	0.001	0.997	0.001
0.997	0.001	0.001	0.001
0.997	0.001	0.001	0.001
0.001	0.405	0.505	0.089
>CTTCAGGTAA	22-CTTCAGGTAA	12.860392	-174.188150	0	T:123.0(0.76%),B:25.2(0.08%),P:1e-75	Tpos:104.3,Tstd:55.2,Bpos:87.2,Bstd:60.6,StrandBias:0.1,Multiplicity:1.69
0.001	0.997	0.001	0.001
0.001	0.001	0.001	0.997
0.001	0.001	0.001	0.997
0.001	0.997	0.001	0.001
0.997	0.001	0.001	0.001
0.001	0.001	0.997	0.001
0.001	0.001	0.997	0.001
0.001	0.377	0.001	0.621
0.997	0.001	0.001	0.001
0.997	0.001	0.001	0.001
>ATTGAGACTG	23-ATTGAGACTG	10.872931	-148.464737	0	T:96.0(0.59%),B:17.2(0.05%),P:1e-64	Tpos:104.0,Tstd:53.9,Bpos:91.8,Bstd:50.4,StrandBias:0.0,Multiplicity:1.53
0.997	0.001	0.001	0.001
0.001	0.001	0.001	0.997
0.001	0.001	0.001	0.997
0.001	0.001	0.997	0.001
0.997	0.001	0.001	0.001
0.001	0.001	0.933	0.065
0.997	0.001	0.001	0.001
0.001	0.933	0.001	0.065
0.001	0.001	0.124	0.874
0.032	0.001	0.966	0.001
>GTGTGTGTGT	24-GTGTGTGTGT	6.244579	-147.687265	0	T:2615.0(16.12%),B:3769.4(11.64%),P:1e-64	Tpos:102.3,Tstd:57.0,Bpos:100.6,Bstd:57.9,StrandBias:0.1,Multiplicity:1.23
0.065	0.192	0.661	0.082
0.133	0.083	0.152	0.632
0.085	0.266	0.637	0.012
0.016	0.004	0.002	0.978
0.161	0.191	0.619	0.029
0.216	0.048	0.006	0.730
0.168	0.257	0.551	0.024
0.007	0.041	0.132	0.820
0.100	0.215	0.633	0.052
0.061	0.020	0.017	0.902
>ACTACTAAGG	25-ACTACTAAGG	7.621294	-122.510117	0	T:43.0(0.27%),B:2.6(0.01%),P:1e-53	Tpos:105.6,Tstd:53.2,Bpos:110.4,Bstd:64.5,StrandBias:0.5,Multiplicity:1.63
0.997	0.001	0.001	0.001
0.001	0.997	0.001	0.001
0.001	0.001	0.001	0.997
0.997	0.001	0.001	0.001
0.001	0.997	0.001	0.001
0.001	0.001	0.001	0.997
0.997	0.001	0.001	0.001
0.996	0.002	0.001	0.001
0.001	0.001	0.997	0.001
0.001	0.001	0.997	0.001
>GCCMCGCCCCCT	1-GCCMCGCCCCCT	9.945506	-2097.477214	0	T:2108.0(13.00%),B:713.8(2.20%),P:1e-910	Tpos:101.5,Tstd:51.2,Bpos:100.2,Bstd:67.3,StrandBias:0.1,Multiplicity:1.42
0.044	0.001	0.888	0.067
0.001	0.997	0.001	0.001
0.001	0.912	0.001	0.086
0.494	0.484	0.021	0.001
0.001	0.997	0.001	0.001
0.003	0.001	0.983	0.013
0.001	0.997	0.001	0.001
0.001	0.997	0.001	0.001
0.001	0.864	0.001	0.134
0.354	0.549	0.001	0.096
0.027	0.710	0.004	0.259
0.095	0.278	0.081	0.546
>BCYGATTGGCYG	2-BCYGATTGGCYG	8.687591	-1954.102273	0	T:1967.0(12.13%),B:664.5(2.05%),P:1e-848	Tpos:103.1,Tstd:49.0,Bpos:102.1,Bstd:62.8,StrandBias:-0.2,Multiplicity:1.40
0.020	0.267	0.333	0.380
0.008	0.544	0.358	0.090
0.001	0.431	0.053	0.515
0.001	0.265	0.610	0.124
0.997	0.001	0.001	0.001
0.001	0.001	0.001	0.997
0.005	0.001	0.001	0.993
0.001	0.001	0.997	0.001
0.001	0.001	0.997	0.001
0.139	0.493	0.076	0.291
0.054	0.439	0.126	0.381
0.185	0.199	0.580	0.036
>SYGCGCATGCGC	3-SYGCGCATGCGC	10.791129	-1072.571754	0	T:964.0(5.94%),B:276.1(0.85%),P:1e-465	Tpos:100.4,Tstd:51.9,Bpos:96.8,Bstd:77.5,StrandBias:-0.1,Multiplicity:1.24
0.127	0.411	0.279	0.184
0.034	0.327	0.169	0.471
0.168	0.012	0.819	0.001
0.101	0.859	0.039	0.001
0.039	0.001	0.957	0.003
0.001	0.997	0.001	0.001
0.817	0.081	0.045	0.057
0.052	0.030	0.104	0.814
0.001	0.001	0.997	0.001
0.001	0.942	0.004	0.053
0.004	0.019	0.818	0.159
0.001	0.792	0.077	0.130
>TGCCAGCATTGT	4-TGCCAGCATTGT	12.226317	-1039.452910	0	T:206.0(1.27%),B:1.2(0.00%),P:1e-451	Tpos:102.1,Tstd:54.7,Bpos:107.5,Bstd:1.1,StrandBias:0.8,Multiplicity:1.76
0.001	0.001	0.001	0.997
0.001	0.001	0.997	0.001
0.001	0.987	0.001	0.011
0.001	0.997	0.001	0.001
0.997	0.001	0.001	0.001
0.001	0.001	0.997	0.001
0.001	0.994	0.004	0.001
0.977	0.001	0.021	0.001
0.001	0.013	0.001	0.985
0.001	0.001	0.001	0.997
0.001	0.001	0.997	0.001
0.001	0.001	0.001	0.997
>AGAATCCAYACA	5-AGAATCCAYACA	12.403650	-707.994744	0	T:236.0(1.46%),B:9.5(0.03%),P:1e-307	Tpos:108.8,Tstd:50.1,Bpos:84.8,Bstd:55.9,StrandBias:0.7,Multiplicity:2.85
0.946	0.034	0.010	0.010
0.059	0.160	0.571	0.210
0.918	0.028	0.053	0.001
0.718	0.001	0.275	0.006
0.164	0.007	0.272	0.557
0.114	0.745	0.018	0.123
0.015	0.983	0.001	0.001
0.944	0.001	0.003	0.052
0.013	0.536	0.006	0.445
0.978	0.006	0.006	0.010
0.013	0.710	0.180	0.097
0.774	0.045	0.010	0.171
>GGGAAATGTTTT	6-GGGAAATGTTTT	10.946478	-697.947876	0	T:168.0(1.04%),B:2.6(0.01%),P:1e-303	Tpos:101.6,Tstd:50.8,Bpos:58.1,Bstd:45.7,StrandBias:0.7,Multiplicity:1.54
0.001	0.001	0.997	0.001
0.001	0.001	0.994	0.004
0.001	0.003	0.995	0.001
0.997	0.001	0.001	0.001
0.997	0.001	0.001	0.001
0.997	0.001	0.001	0.001
0.001	0.001	0.123	0.875
0.001	0.001	0.997	0.001
0.001	0.001	0.001	0.997
0.001	0.001	0.001	0.997
0.002	0.001	0.002	0.995
0.001	0.001	0.001	0.997
>SNGTSACGTCAC	7-SNGTSACGTCAC	8.864435	-658.221534	0	T:772.0(4.76%),B:300.9(0.93%),P:1e-285	Tpos:101.2,Tstd:50.2,Bpos:97.1,Bstd:69.0,StrandBias:0.0,Multiplicity:1.18
0.121	0.355	0.368	0.156
0.223	0.204	0.311	0.262
0.173	0.298	0.488	0.041
0.091	0.040	0.056	0.813
0.004	0.423	0.529	0.044
0.985	0.001	0.013	0.001
0.174	0.753	0.072	0.001
0.080	0.029	0.890	0.001
0.001	0.001	0.001	0.997
0.009	0.597	0.393	0.001
0.979	0.001	0.019	0.001
0.081	0.597	0.207	0.115
>TAGTGAGACATC	8-TAGTGAGACATC	10.358918	-611.448422	0	T:164.0(1.01%),B:3.1(0.01%),P:1e-265	Tpos:103.0,Tstd:52.7,Bpos:103.0,Bstd:57.7,StrandBias:0.4,Multiplicity:1.49
0.001	0.001	0.001	0.997
0.997	0.001	0.001	0.001
0.074	0.001	0.912	0.013
0.003	0.001	0.003	0.993
0.053	0.001	0.945	0.001
0.974	0.001	0.001	0.024
0.055	0.079	0.772	0.094
0.995	0.001	0.003	0.001
0.001	0.997	0.001	0.001
0.995	0.003	0.001	0.001
0.001	0.042	0.001	0.956
0.001	0.995	0.001	0.003
>GGAATACATAGA	9-GGAATACATAGA	11.612529	-499.250067	0	T:164.0(1.01%),B:6.9(0.02%),P:1e-216	Tpos:102.6,Tstd:52.6,Bpos:105.6,Bstd:62.4,StrandBias:0.0,Multiplicity:2.45
0.172	0.025	0.800	0.003
0.001	0.129	0.820	0.050
0.687	0.001	0.311	0.001
0.997	0.001	0.001	0.001
0.064	0.025	0.001	0.910
0.858	0.025	0.090	0.027
0.030	0.905	0.001	0.064
0.945	0.025	0.025	0.005
0.001	0.113	0.001	0.885
0.910	0.001	0.064	0.025
0.001	0.025	0.949	0.025
0.849	0.001	0.117	0.033
>CTGARRSATTGA	10-CTGARRSATTGA	8.359164	-497.731734	0	T:128.0(0.79%),B:2.4(0.01%),P:1e-216	Tpos:100.9,Tstd:53.5,Bpos:95.2,Bstd:30.4,StrandBias:0.0,Multiplicity:1.49
0.134	0.442	0.166	0.258
0.021	0.093	0.061	0.825
0.056	0.283	0.473	0.189
0.564	0.181	0.055	0.200
0.467	0.052	0.368	0.114
0.354	0.052	0.443	0.151
0.064	0.335	0.447	0.154
0.521	0.122	0.203	0.154
0.170	0.238	0.157	0.435
0.060	0.104	0.215	0.621
0.011	0.156	0.558	0.275
0.602	0.106	0.238	0.054
>AATGGGYCAGTC	11-AATGGGYCAGTC	10.191136	-460.390281	0	T:105.0(0.65%),B:1.8(0.01%),P:1e-199	Tpos:103.4,Tstd:54.2,Bpos:85.5,Bstd:59.6,StrandBias:0.2,Multiplicity:1.47
0.825	0.064	0.092	0.019
0.759	0.033	0.123	0.085
0.119	0.001	0.133	0.747
0.166	0.040	0.647	0.147
0.197	0.111	0.552	0.140
0.196	0.085	0.456	0.263
0.171	0.374	0.012	0.442
0.001	0.970	0.006	0.023
0.763	0.102	0.014	0.121
0.129	0.086	0.657	0.128
0.109	0.075	0.046	0.770
0.235	0.541	0.075	0.149
>GGGARWTGTAGT	12-GGGARWTGTAGT	9.710009	-415.679144	0	T:1027.0(6.33%),B:732.3(2.26%),P:1e-180	Tpos:99.6,Tstd:55.4,Bpos:97.7,Bstd:60.6,StrandBias:0.0,Multiplicity:1.29
0.010	0.001	0.988	0.001
0.011	0.001	0.987	0.001
0.005	0.001	0.992	0.002
0.703	0.027	0.177	0.093
0.430	0.129	0.358	0.083
0.450	0.068	0.051	0.431
0.011	0.273	0.116	0.600
0.045	0.002	0.947	0.006
0.059	0.128	0.081	0.732
0.977	0.005	0.006	0.012
0.001	0.002	0.995	0.002
0.002	0.001	0.143	0.854
>CTGATGCTCGTT	13-CTGATGCTCGTT	12.459733	-402.136870	0	T:108.0(0.67%),B:2.8(0.01%),P:1e-174	Tpos:103.6,Tstd:54.4,Bpos:124.3,Bstd:20.1,StrandBias:-0.0,Multiplicity:1.39
0.020	0.958	0.021	0.001
0.040	0.020	0.070	0.870
0.098	0.040	0.861	0.001
0.582	0.109	0.229	0.080
0.021	0.079	0.021	0.879
0.039	0.041	0.720	0.200
0.058	0.804	0.040	0.098
0.039	0.020	0.020	0.921
0.060	0.642	0.021	0.277
0.003	0.413	0.568	0.016
0.132	0.021	0.020	0.827
0.021	0.021	0.021	0.937
>TCTYDGAAGTCA	14-TCTYDGAAGTCA	13.415302	-383.443358	0	T:104.0(0.64%),B:2.6(0.01%),P:1e-166	Tpos:99.7,Tstd:56.4,Bpos:144.0,Bstd:18.7,StrandBias:0.3,Multiplicity:1.29
0.016	0.179	0.034	0.771
0.009	0.972	0.013	0.006
0.006	0.036	0.022	0.936
0.026	0.469	0.025	0.480
0.331	0.175	0.231	0.264
0.006	0.006	0.979	0.009
0.889	0.098	0.012	0.001
0.874	0.003	0.114	0.009
0.003	0.003	0.988	0.006
0.003	0.006	0.009	0.982
0.016	0.969	0.009	0.006
0.948	0.019	0.006	0.027
>CCAGGAGAGTCA	15-CCAGGAGAGTCA	11.208453	-383.443358	0	T:104.0(0.64%),B:2.8(0.01%),P:1e-166	Tpos:108.2,Tstd:51.4,Bpos:159.9,Bstd:39.4,StrandBias:0.4,Multiplicity:1.05
0.001	0.997	0.001	0.001
0.001	0.997	0.001	0.001
0.997	0.001	0.001	0.001
0.001	0.005	0.993	0.001
0.001	0.001	0.997	0.001
0.997	0.001	0.001	0.001
0.001	0.001	0.997	0.001
0.997	0.001	0.001	0.001
0.001	0.001	0.997	0.001
0.001	0.001	0.001	0.997
0.001	0.906	0.006	0.087
0.997	0.001	0.001	0.001
>AATCGGTATGAC	16-AATCGGTATGAC	12.569485	-312.266608	0	T:97.0(0.60%),B:3.9(0.01%),P:1e-135	Tpos:95.7,Tstd:55.4,Bpos:54.3,Bstd:25.8,StrandBias:0.1,Multiplicity:1.47
0.975	0.005	0.005	0.015
0.646	0.082	0.124	0.148
0.060	0.029	0.015	0.896
0.140	0.528	0.005	0.327
0.071	0.058	0.812	0.059
0.055	0.027	0.908	0.010
0.005	0.052	0.015	0.928
0.909	0.048	0.024	0.019
0.118	0.290	0.015	0.577
0.041	0.027	0.931	0.001
0.971	0.019	0.009	0.001
0.029	0.924	0.005	0.042
>TAGAGCGTCGCC	17-TAGAGCGTCGCC	10.582205	-299.430694	0	T:74.0(0.46%),B:1.1(0.00%),P:1e-130	Tpos:106.2,Tstd:51.6,Bpos:132.0,Bstd:0.0,StrandBias:0.0,Multiplicity:1.76
0.003	0.014	0.001	0.982
0.996	0.001	0.002	0.001
0.002	0.001	0.996	0.001
0.997	0.001	0.001	0.001
0.015	0.003	0.870	0.112
0.001	0.996	0.002	0.001
0.001	0.001	0.997	0.001
0.008	0.014	0.001	0.977
0.001	0.997	0.001	0.001
0.003	0.001	0.676	0.320
0.008	0.981	0.008	0.003
0.001	0.977	0.001	0.021
>TGCCCGATTTCG	18-TGCCCGATTTCG	10.812529	-292.417344	0	T:84.0(0.52%),B:2.6(0.01%),P:1e-126	Tpos:94.5,Tstd:49.9,Bpos:88.5,Bstd:38.4,StrandBias:-0.2,Multiplicity:1.07
0.001	0.005	0.001	0.993
0.005	0.001	0.993	0.001
0.006	0.967	0.001	0.026
0.001	0.944	0.001	0.054
0.006	0.846	0.006	0.142
0.040	0.001	0.933	0.026
0.993	0.001	0.005	0.001
0.001	0.001	0.001	0.997
0.001	0.001	0.039	0.959
0.006	0.001	0.006	0.987
0.001	0.972	0.001	0.026
0.071	0.015	0.908	0.006
>CASCAGCAGCAB	19-CASCAGCAGCAB	11.175040	-238.393744	0	T:650.0(4.01%),B:489.2(1.51%),P:1e-103	Tpos:94.6,Tstd:56.7,Bpos:101.5,Bstd:55.6,StrandBias:0.1,Multiplicity:1.08
0.145	0.770	0.054	0.031
0.884	0.039	0.062	0.015
0.001	0.477	0.521	0.001
0.206	0.775	0.018	0.001
0.997	0.001	0.001	0.001
0.003	0.058	0.938	0.001
0.001	0.997	0.001	0.001
0.997	0.001	0.001	0.001
0.001	0.021	0.977	0.001
0.004	0.732	0.213	0.051
0.794	0.037	0.126	0.043
0.110	0.308	0.307	0.276
>CCCTTAGTAGTC	20-CCCTTAGTAGTC	11.660861	-235.547530	0	T:61.0(0.38%),B:0.6(0.00%),P:1e-102	Tpos:109.4,Tstd:48.2,Bpos:117.0,Bstd:0.0,StrandBias:-0.6,Multiplicity:1.74
0.062	0.847	0.090	0.001
0.001	0.848	0.001	0.150
0.140	0.761	0.001	0.098
0.001	0.001	0.001	0.997
0.001	0.200	0.197	0.602
0.908	0.001	0.001	0.090
0.150	0.001	0.848	0.001
0.001	0.060	0.001	0.938
0.878	0.001	0.120	0.001
0.060	0.001	0.938	0.001
0.121	0.001	0.228	0.650
0.164	0.805	0.001	0.030
>GAACACAAAATG	21-GAACACAAAATG	11.767903	-223.988368	0	T:81.0(0.50%),B:4.5(0.01%),P:1e-97	Tpos:91.4,Tstd:47.8,Bpos:83.5,Bstd:24.7,StrandBias:0.7,Multiplicity:1.44
0.020	0.005	0.974	0.001
0.992	0.001	0.005	0.002
0.987	0.010	0.001	0.002
0.001	0.974	0.005	0.020
0.862	0.127	0.010	0.001
0.002	0.990	0.006	0.002
0.997	0.001	0.001	0.001
0.989	0.001	0.009	0.001
0.997	0.001	0.001	0.001
0.993	0.001	0.001	0.005
0.005	0.005	0.001	0.989
0.005	0.001	0.992	0.002
>RTTGCTTGYCCA	22-RTTGCTTGYCCA	13.646343	-177.402706	0	T:57.0(0.35%),B:2.7(0.01%),P:1e-77	Tpos:100.8,Tstd:49.6,Bpos:64.4,Bstd:41.9,StrandBias:0.8,Multiplicity:2.12
0.519	0.050	0.378	0.053
0.035	0.016	0.032	0.917
0.001	0.026	0.015	0.958
0.016	0.026	0.856	0.102
0.026	0.921	0.021	0.032
0.021	0.036	0.001	0.942
0.005	0.016	0.055	0.924
0.021	0.053	0.853	0.073
0.016	0.519	0.066	0.399
0.069	0.894	0.005	0.032
0.115	0.848	0.021	0.016
0.856	0.042	0.021	0.081
>ACATGGCAGAAG	23-ACATGGCAGAAG	10.993819	-177.069563	0	T:179.0(1.10%),B:59.8(0.18%),P:1e-76	Tpos:105.0,Tstd:51.9,Bpos:99.9,Bstd:52.6,StrandBias:0.1,Multiplicity:1.43
0.638	0.114	0.163	0.085
0.107	0.710	0.127	0.056
0.795	0.077	0.050	0.078
0.120	0.051	0.153	0.676
0.050	0.038	0.851	0.061
0.068	0.089	0.808	0.035
0.105	0.697	0.165	0.033
0.767	0.086	0.085	0.062
0.129	0.051	0.769	0.051
0.765	0.113	0.089	0.033
0.765	0.055	0.123	0.057
0.091	0.045	0.757	0.107
>TTCTSCCATGYA	24-TTCTSCCATGYA	15.191917	-134.147774	0	T:39.0(0.24%),B:1.4(0.00%),P:1e-58	Tpos:96.8,Tstd:50.1,Bpos:100.2,Bstd:38.5,StrandBias:-0.8,Multiplicity:1.13
0.001	0.001	0.001	0.997
0.001	0.001	0.001	0.997
0.001	0.997	0.001	0.001
0.001	0.001	0.001	0.997
0.001	0.502	0.496	0.001
0.001	0.997	0.001	0.001
0.001	0.962	0.001	0.036
0.997	0.001	0.001	0.001
0.001	0.001	0.001	0.997
0.001	0.001	0.997	0.001
0.001	0.531	0.001	0.467
0.943	0.001	0.001	0.055
>GTGTGTGTGTRT	25-GTGTGTGTGTRT	7.893212	-75.148920	0	T:911.0(5.62%),B:1201.5(3.71%),P:1e-32	Tpos:102.6,Tstd:57.4,Bpos:101.6,Bstd:54.6,StrandBias:0.2,Multiplicity:1.19
0.274	0.131	0.501	0.094
0.061	0.031	0.060	0.848
0.254	0.080	0.583	0.083
0.011	0.020	0.058	0.911
0.241	0.026	0.604	0.129
0.003	0.028	0.023	0.946
0.203	0.068	0.557	0.172
0.013	0.059	0.003	0.925
0.261	0.060	0.556	0.123
0.009	0.096	0.007	0.888
0.261	0.144	0.405	0.190
0.064	0.070	0.005	0.861
>GGCGGGGC	1-GGCGGGGC	8.068762	-1509.471850	0	T:2698.0(16.64%),B:1597.6(4.93%),P:1e-655	Tpos:101.5,Tstd:52.3,Bpos:99.7,Bstd:66.6,StrandBias:-0.1,Multiplicity:1.48
0.001	0.001	0.997	0.001
0.001	0.001	0.997	0.001
0.001	0.997	0.001	0.001
0.001	0.001	0.997	0.001
0.001	0.001	0.603	0.395
0.085	0.001	0.913	0.001
0.033	0.001	0.965	0.001
0.001	0.997	0.001	0.001
>CTGATTGG	2-CTGATTGG	6.980689	-1334.151579	0	T:1738.0(10.72%),B:767.4(2.37%),P:1e-579	Tpos:103.0,Tstd:49.3,Bpos:99.4,Bstd:62.7,StrandBias:-0.2,Multiplicity:1.30
0.001	0.877	0.121	0.001
0.001	0.153	0.001	0.845
0.001	0.098	0.900	0.001
0.997	0.001	0.001	0.001
0.001	0.001	0.001	0.997
0.001	0.001	0.001	0.997
0.001	0.001	0.997	0.001
0.001	0.001	0.997	0.001
>ATTGGCTG	3-ATTGGCTG	3.242171	-1220.933623	0	T:3147.0(19.40%),B:2400.5(7.41%),P:1e-530	Tpos:101.7,Tstd:53.8,Bpos:101.3,Bstd:58.9,StrandBias:-0.0,Multiplicity:1.20
0.997	0.001	0.001	0.001
0.001	0.001	0.001	0.997
0.001	0.001	0.001	0.997
0.001	0.001	0.997	0.001
0.001	0.001	0.997	0.001
0.120	0.607	0.001	0.272
0.001	0.345	0.001	0.653
0.212	0.274	0.513	0.001
>GCATGCGC	4-GCATGCGC	8.813290	-716.470455	0	T:1169.0(7.21%),B:622.9(1.92%),P:1e-311	Tpos:100.7,Tstd:53.2,Bpos:95.5,Bstd:74.8,StrandBias:-0.0,Multiplicity:1.26
0.001	0.001	0.997	0.001
0.001	0.997	0.001	0.001
0.887	0.111	0.001	0.001
0.001	0.001	0.001	0.997
0.001	0.001	0.997	0.001
0.001	0.997	0.001	0.001
0.001	0.001	0.997	0.001
0.001	0.941	0.001	0.057
>CGCCCCCT	5-CGCCCCCT	3.786235	-645.130687	0	T:2350.0(14.49%),B:2112.6(6.52%),P:1e-280	Tpos:102.2,Tstd:55.5,Bpos:100.1,Bstd:70.6,StrandBias:0.0,Multiplicity:1.14
0.001	0.997	0.001	0.001
0.001	0.001	0.997	0.001
0.001	0.997	0.001	0.001
0.001	0.685	0.001	0.313
0.001	0.997	0.001	0.001
0.026	0.574	0.001	0.399
0.001	0.997	0.001	0.001
0.001	0.001	0.001	0.997
>TGACGTCA	6-TGACGTCA	7.324563	-437.986742	0	T:827.0(5.10%),B:490.5(1.51%),P:1e-190	Tpos:100.3,Tstd:51.5,Bpos:102.4,Bstd:63.0,StrandBias:0.0,Multiplicity:1.15
0.001	0.001	0.001	0.997
0.033	0.001	0.965	0.001
0.997	0.001	0.001	0.001
0.237	0.761	0.001	0.001
0.001	0.001	0.997	0.001
0.032	0.001	0.001	0.966
0.001	0.997	0.001	0.001
0.997	0.001	0.001	0.001
>SACGTSAG	7-SACGTSAG	7.934195	-421.344486	0	T:778.0(4.80%),B:453.9(1.40%),P:1e-182	Tpos:103.6,Tstd:52.9,Bpos:97.4,Bstd:69.1,StrandBias:-0.1,Multiplicity:1.17
0.001	0.539	0.459	0.001
0.665	0.001	0.107	0.227
0.334	0.664	0.001	0.001
0.001	0.001	0.997	0.001
0.001	0.001	0.001	0.997
0.001	0.459	0.539	0.001
0.997	0.001	0.001	0.001
0.001	0.335	0.663	0.001
>TGAGTCAC	8-TGAGTCAC	7.286313	-336.847782	0	T:1147.0(7.07%),B:978.7(3.02%),P:1e-146	Tpos:104.9,Tstd:53.8,Bpos:100.1,Bstd:56.5,StrandBias:-0.1,Multiplicity:1.09
0.001	0.001	0.001	0.997
0.001	0.001	0.997	0.001
0.759	0.116	0.054	0.071
0.001	0.107	0.882	0.010
0.001	0.010	0.001	0.988
0.016	0.856	0.127	0.001
0.963	0.015	0.021	0.001
0.020	0.682	0.029	0.269
>TTCTGGGA	9-TTCTGGGA	6.792295	-303.017265	0	T:1795.0(11.07%),B:1945.1(6.00%),P:1e-131	Tpos:98.3,Tstd:56.0,Bpos:99.8,Bstd:58.7,StrandBias:-0.0,Multiplicity:1.24
0.001	0.001	0.001	0.997
0.001	0.001	0.156	0.842
0.038	0.917	0.044	0.001
0.001	0.021	0.001	0.977
0.001	0.059	0.939	0.001
0.097	0.001	0.901	0.001
0.001	0.001	0.997	0.001
0.997	0.001	0.001	0.001
>KCRCGCGA	10-KCRCGCGA	6.557307	-290.383770	0	T:1687.0(10.40%),B:1813.8(5.60%),P:1e-126	Tpos:101.5,Tstd:52.4,Bpos:97.5,Bstd:77.3,StrandBias:0.0,Multiplicity:1.35
0.001	0.001	0.470	0.528
0.069	0.822	0.108	0.001
0.342	0.001	0.470	0.186
0.113	0.818	0.001	0.068
0.001	0.112	0.886	0.001
0.001	0.997	0.001	0.001
0.001	0.001	0.997	0.001
0.765	0.233	0.001	0.001
>ACTTCCGG	11-ACTTCCGG	8.236954	-260.568795	0	T:507.0(3.13%),B:306.0(0.94%),P:1e-113	Tpos:102.9,Tstd:54.0,Bpos:104.3,Bstd:65.7,StrandBias:-0.1,Multiplicity:1.24
0.700	0.100	0.100	0.100
0.100	0.700	0.100	0.100
0.100	0.100	0.100	0.700
0.100	0.100	0.100	0.700
0.100	0.700	0.100	0.100
0.100	0.700	0.100	0.100
0.100	0.100	0.700	0.100
0.100	0.100	0.700	0.100
>AGAGAGTC	12-AGAGAGTC	10.918499	-255.696695	0	T:430.0(2.65%),B:232.8(0.72%),P:1e-111	Tpos:103.9,Tstd:54.0,Bpos:101.5,Bstd:71.4,StrandBias:0.4,Multiplicity:1.34
0.997	0.001	0.001	0.001
0.001	0.001	0.997	0.001
0.997	0.001	0.001	0.001
0.001	0.001	0.997	0.001
0.860	0.138	0.001	0.001
0.001	0.001	0.997	0.001
0.001	0.001	0.001	0.997
0.001	0.997	0.001	0.001
>CCCACAAT	13-CCCACAAT	8.236954	-252.259711	0	T:379.0(2.34%),B:186.6(0.58%),P:1e-109	Tpos:100.4,Tstd:55.7,Bpos:99.4,Bstd:56.1,StrandBias:-0.4,Multiplicity:1.40
0.100	0.700	0.100	0.100
0.100	0.700	0.100	0.100
0.100	0.700	0.100	0.100
0.700	0.100	0.100	0.100
0.100	0.700	0.100	0.100
0.700	0.100	0.100	0.100
0.700	0.100	0.100	0.100
0.100	0.100	0.100	0.700
>CTCTATGG	14-CTCTATGG	10.911761	-242.459140	0	T:506.0(3.12%),B:321.9(0.99%),P:1e-105	Tpos:103.8,Tstd:53.3,Bpos:102.5,Bstd:67.7,StrandBias:-0.1,Multiplicity:1.31
0.001	0.997	0.001	0.001
0.001	0.109	0.001	0.889
0.001	0.997	0.001	0.001
0.001	0.001	0.001	0.997
0.997	0.001	0.001	0.001
0.001	0.040	0.001	0.958
0.001	0.001	0.997	0.001
0.001	0.001	0.997	0.001
>GGAVCGTT	15-GGAVCGTT	4.201025	-207.317950	0	T:2286.0(14.10%),B:2979.9(9.20%),P:1e-90	Tpos:99.7,Tstd:56.0,Bpos:100.6,Bstd:61.5,StrandBias:-0.1,Multiplicity:1.16
0.172	0.209	0.477	0.142
0.246	0.125	0.487	0.142
0.641	0.018	0.204	0.137
0.367	0.260	0.280	0.093
0.095	0.508	0.247	0.150
0.243	0.141	0.533	0.083
0.224	0.148	0.098	0.530
0.149	0.183	0.104	0.564
>AGCCATAC	16-AGCCATAC	8.236954	-187.932082	0	T:237.0(1.46%),B:99.4(0.31%),P:1e-81	Tpos:106.6,Tstd:54.1,Bpos:94.3,Bstd:60.2,StrandBias:0.6,Multiplicity:1.56
0.700	0.100	0.100	0.100
0.100	0.100	0.700	0.100
0.100	0.700	0.100	0.100
0.100	0.700	0.100	0.100
0.700	0.100	0.100	0.100
0.100	0.100	0.100	0.700
0.700	0.100	0.100	0.100
0.100	0.700	0.100	0.100
>ACACAGGA	17-ACACAGGA	4.161567	-186.017146	0	T:875.0(5.40%),B:860.5(2.66%),P:1e-80	Tpos:103.5,Tstd:54.7,Bpos:98.9,Bstd:61.9,StrandBias:0.2,Multiplicity:1.19
0.997	0.001	0.001	0.001
0.001	0.997	0.001	0.001
0.886	0.001	0.001	0.112
0.001	0.997	0.001	0.001
0.997	0.001	0.001	0.001
0.001	0.001	0.997	0.001
0.001	0.001	0.997	0.001
0.997	0.001	0.001	0.001
>CTAGAGCG	18-CTAGAGCG	8.766737	-171.279285	0	T:333.0(2.05%),B:201.6(0.62%),P:1e-74	Tpos:103.8,Tstd:56.0,Bpos:95.4,Bstd:66.9,StrandBias:-0.3,Multiplicity:1.32
0.001	0.997	0.001	0.001
0.001	0.001	0.001	0.997
0.997	0.001	0.001	0.001
0.100	0.001	0.898	0.001
0.997	0.001	0.001	0.001
0.001	0.001	0.997	0.001
0.001	0.997	0.001	0.001
0.001	0.001	0.997	0.001
>CTGCTGCT	19-CTGCTGCT	7.547855	-149.715546	0	T:1871.0(11.54%),B:2499.1(7.71%),P:1e-65	Tpos:99.7,Tstd:56.9,Bpos:99.5,Bstd:58.0,StrandBias:-0.1,Multiplicity:1.21
0.001	0.953	0.045	0.001
0.001	0.001	0.001	0.997
0.001	0.001	0.997	0.001
0.249	0.699	0.051	0.001
0.001	0.001	0.001	0.997
0.001	0.001	0.997	0.001
0.001	0.934	0.064	0.001
0.001	0.001	0.001	0.997
>ACCTAGTG	20-ACCTAGTG	8.236954	-136.788579	0	T:193.0(1.19%),B:90.5(0.28%),P:1e-59	Tpos:102.7,Tstd:55.3,Bpos:107.5,Bstd:53.1,StrandBias:0.3,Multiplicity:1.28
0.700	0.100	0.100	0.100
0.100	0.700	0.100	0.100
0.100	0.700	0.100	0.100
0.100	0.100	0.100	0.700
0.700	0.100	0.100	0.100
0.100	0.100	0.700	0.100
0.100	0.100	0.100	0.700
0.100	0.100	0.700	0.100
>CTATGTAT	21-CTATGTAT	9.096041	-124.487476	0	T:222.0(1.37%),B:126.4(0.39%),P:1e-54	Tpos:102.3,Tstd:56.0,Bpos:102.6,Bstd:64.4,StrandBias:0.0,Multiplicity:2.47
0.001	0.997	0.001	0.001
0.001	0.001	0.139	0.859
0.997	0.001	0.001	0.001
0.001	0.001	0.001	0.997
0.001	0.001	0.997	0.001
0.001	0.001	0.001	0.997
0.997	0.001	0.001	0.001
0.001	0.001	0.001	0.997
>AATGCCAG	22-AATGCCAG	8.236954	-115.909186	0	T:350.0(2.16%),B:279.2(0.86%),P:1e-50	Tpos:98.8,Tstd:55.2,Bpos:95.8,Bstd:58.2,StrandBias:0.5,Multiplicity:1.49
0.700	0.100	0.100	0.100
0.700	0.100	0.100	0.100
0.100	0.100	0.100	0.700
0.100	0.100	0.700	0.100
0.100	0.700	0.100	0.100
0.100	0.700	0.100	0.100
0.700	0.100	0.100	0.100
0.100	0.100	0.700	0.100
>AAACATTT	23-AAACATTT	8.236954	-105.178006	0	T:323.0(1.99%),B:260.1(0.80%),P:1e-45	Tpos:103.7,Tstd:55.9,Bpos:96.9,Bstd:57.6,StrandBias:-0.4,Multiplicity:1.34
0.700	0.100	0.100	0.100
0.700	0.100	0.100	0.100
0.700	0.100	0.100	0.100
0.100	0.700	0.100	0.100
0.700	0.100	0.100	0.100
0.100	0.100	0.100	0.700
0.100	0.100	0.100	0.700
0.100	0.100	0.100	0.700
>GTCTCAAT	24-GTCTCAAT	8.236954	-71.210795	0	T:135.0(0.83%),B:82.0(0.25%),P:1e-30	Tpos:99.7,Tstd:53.5,Bpos:101.2,Bstd:56.5,StrandBias:-0.0,Multiplicity:1.42
0.100	0.100	0.700	0.100
0.100	0.100	0.100	0.700
0.100	0.700	0.100	0.100
0.100	0.100	0.100	0.700
0.100	0.700	0.100	0.100
0.700	0.100	0.100	0.100
0.700	0.100	0.100	0.100
0.100	0.100	0.100	0.700
>ACACACAC	25-ACACACAC	7.260970	-61.247212	0	T:1433.0(8.84%),B:2148.3(6.63%),P:1e-26	Tpos:101.9,Tstd:57.5,Bpos:101.5,Bstd:55.7,StrandBias:-0.1,Multiplicity:1.29
0.997	0.001	0.001	0.001
0.096	0.777	0.032	0.095
0.940	0.015	0.001	0.044
0.035	0.889	0.057	0.019
0.987	0.011	0.001	0.001
0.044	0.889	0.041	0.026
0.986	0.001	0.012	0.001
0.061	0.841	0.022	0.076
