>GGGCGKGGCC	1-GGGCGKGGCC	8.636062	-2751.070862	0	T:3369.0(9.72%),B:682.8(2.01%),P:1e-1194	Tpos:101.8,Tstd:51.4,Bpos:102.6,Bstd:62.7,StrandBias:-0.0,Multiplicity:1.46
0.286	0.001	0.712	0.001
0.001	0.001	0.997	0.001
0.001	0.001	0.997	0.001
0.001	0.997	0.001	0.001
0.001	0.001	0.997	0.001
0.001	0.001	0.468	0.530
0.083	0.001	0.915	0.001
0.079	0.067	0.820	0.034
0.116	0.802	0.001	0.081
0.061	0.590	0.063	0.286
>CYGATTGGYY	2-CYGATTGGYY	7.989894	-1763.400132	0	T:2499.0(7.21%),B:576.5(1.70%),P:1e-765	Tpos:102.6,Tstd:48.7,Bpos:101.4,Bstd:62.6,StrandBias:-0.1,Multiplicity:1.28
0.096	0.556	0.270	0.078
0.001	0.376	0.171	0.452
0.084	0.111	0.648	0.157
0.978	0.007	0.014	0.001
0.036	0.040	0.001	0.923
0.018	0.037	0.001	0.944
0.011	0.001	0.987	0.001
0.001	0.019	0.979	0.001
0.174	0.330	0.084	0.411
0.072	0.434	0.145	0.349
>TGTTTACTYW	3-TGTTTACTYW	7.145315	-1472.536906	0	T:6033.0(17.40%),B:2822.7(8.31%),P:1e-639	Tpos:101.3,Tstd:54.3,Bpos:99.0,Bstd:61.4,StrandBias:-0.0,Multiplicity:1.14
0.023	0.001	0.106	0.870
0.397	0.001	0.601	0.001
0.001	0.001	0.027	0.971
0.001	0.001	0.155	0.843
0.001	0.001	0.376	0.622
0.665	0.001	0.333	0.001
0.005	0.737	0.001	0.257
0.317	0.134	0.010	0.539
0.057	0.340	0.136	0.467
0.513	0.051	0.058	0.378
>CGCATGCGCA	4-CGCATGCGCA	8.944571	-1013.817236	0	T:1328.0(3.83%),B:281.9(0.83%),P:1e-440	Tpos:99.2,Tstd:53.1,Bpos:103.0,Bstd:71.5,StrandBias:-0.0,Multiplicity:1.25
0.041	0.946	0.008	0.005
0.006	0.001	0.992	0.001
0.001	0.997	0.001	0.001
0.932	0.052	0.015	0.001
0.030	0.001	0.039	0.930
0.001	0.001	0.997	0.001
0.002	0.993	0.001	0.004
0.001	0.006	0.966	0.027
0.001	0.971	0.004	0.024
0.618	0.125	0.224	0.033
>GTTAATSATT	5-GTTAATSATT	8.086671	-989.876808	0	T:1315.0(3.79%),B:282.8(0.83%),P:1e-429	Tpos:101.6,Tstd:52.3,Bpos:97.1,Bstd:56.6,StrandBias:-0.0,Multiplicity:1.04
0.038	0.001	0.941	0.020
0.025	0.069	0.060	0.846
0.091	0.136	0.013	0.760
0.955	0.001	0.043	0.001
0.878	0.001	0.001	0.120
0.088	0.043	0.001	0.868
0.212	0.335	0.389	0.064
0.853	0.001	0.028	0.118
0.055	0.020	0.123	0.802
0.001	0.034	0.001	0.964
>GGTGACGTCA	6-GGTGACGTCA	8.050608	-963.622705	0	T:963.0(2.78%),B:152.1(0.45%),P:1e-418	Tpos:101.7,Tstd:47.7,Bpos:105.3,Bstd:70.5,StrandBias:-0.0,Multiplicity:1.07
0.250	0.137	0.519	0.094
0.109	0.078	0.776	0.037
0.014	0.001	0.001	0.984
0.001	0.001	0.997	0.001
0.985	0.001	0.011	0.003
0.001	0.991	0.007	0.001
0.001	0.001	0.997	0.001
0.001	0.012	0.001	0.986
0.030	0.965	0.004	0.001
0.996	0.001	0.001	0.002
>TTGRACTTTG	7-TTGRACTTTG	6.855803	-892.594103	0	T:5376.0(15.51%),B:2897.1(8.53%),P:1e-387	Tpos:100.1,Tstd:53.7,Bpos:100.3,Bstd:61.4,StrandBias:0.0,Multiplicity:1.15
0.183	0.162	0.192	0.462
0.080	0.039	0.110	0.771
0.127	0.012	0.774	0.087
0.460	0.056	0.443	0.040
0.548	0.355	0.023	0.074
0.009	0.909	0.071	0.011
0.006	0.102	0.001	0.891
0.021	0.211	0.017	0.751
0.032	0.104	0.037	0.827
0.230	0.030	0.695	0.045
>TTTGCCAAKN	8-TTTGCCAAKN	6.091094	-865.082396	0	T:9568.0(27.60%),B:6273.1(18.48%),P:1e-375	Tpos:101.7,Tstd:53.0,Bpos:98.5,Bstd:59.6,StrandBias:-0.0,Multiplicity:1.21
0.159	0.238	0.184	0.418
0.068	0.199	0.184	0.549
0.042	0.001	0.144	0.813
0.012	0.044	0.871	0.073
0.001	0.678	0.249	0.072
0.175	0.762	0.005	0.058
0.952	0.041	0.001	0.006
0.666	0.005	0.300	0.029
0.177	0.180	0.378	0.265
0.342	0.210	0.224	0.225
>ACTTCCGGYN	9-ACTTCCGGYN	9.457656	-770.794482	0	T:887.0(2.56%),B:165.0(0.49%),P:1e-334	Tpos:103.4,Tstd:50.8,Bpos:95.8,Bstd:63.4,StrandBias:0.0,Multiplicity:1.22
0.671	0.115	0.123	0.091
0.021	0.829	0.023	0.127
0.018	0.018	0.001	0.963
0.001	0.013	0.009	0.977
0.001	0.981	0.001	0.017
0.001	0.996	0.002	0.001
0.001	0.001	0.997	0.001
0.011	0.282	0.668	0.039
0.110	0.358	0.116	0.415
0.203	0.271	0.200	0.326
>TCCCTCSCTC	10-TCCCTCSCTC	6.975401	-754.381723	0	T:9293.0(26.80%),B:6226.3(18.34%),P:1e-327	Tpos:100.3,Tstd:55.1,Bpos:98.2,Bstd:65.8,StrandBias:0.0,Multiplicity:1.41
0.058	0.280	0.116	0.546
0.001	0.672	0.294	0.033
0.037	0.668	0.252	0.043
0.001	0.836	0.033	0.130
0.001	0.001	0.125	0.873
0.001	0.763	0.227	0.009
0.056	0.454	0.346	0.144
0.001	0.972	0.026	0.001
0.040	0.010	0.124	0.826
0.001	0.840	0.061	0.098
>DTTCYNGGAA	11-DTTCYNGGAA	8.150768	-608.677354	0	T:2011.0(5.80%),B:824.0(2.43%),P:1e-264	Tpos:99.8,Tstd:51.8,Bpos:97.3,Bstd:56.0,StrandBias:-0.0,Multiplicity:1.06
0.234	0.165	0.230	0.371
0.001	0.166	0.018	0.815
0.027	0.029	0.011	0.933
0.026	0.892	0.014	0.068
0.047	0.505	0.011	0.437
0.200	0.337	0.239	0.224
0.195	0.016	0.761	0.028
0.040	0.023	0.933	0.004
0.808	0.100	0.089	0.003
0.962	0.001	0.036	0.001
>GCATTGTGGG	12-GCATTGTGGG	10.296193	-591.205076	0	T:273.0(0.79%),B:12.1(0.04%),P:1e-256	Tpos:101.9,Tstd:53.3,Bpos:121.4,Bstd:49.7,StrandBias:0.4,Multiplicity:1.38
0.100	0.100	0.700	0.100
0.100	0.700	0.100	0.100
0.700	0.100	0.100	0.100
0.100	0.100	0.100	0.700
0.100	0.100	0.100	0.700
0.100	0.100	0.700	0.100
0.100	0.100	0.100	0.700
0.100	0.100	0.700	0.100
0.100	0.100	0.700	0.100
0.100	0.100	0.700	0.100
>ANACACASAS	13-ANACACASAS	5.646578	-507.494107	0	T:12169.0(35.10%),B:9272.5(27.31%),P:1e-220	Tpos:101.1,Tstd:56.6,Bpos:99.3,Bstd:63.7,StrandBias:0.0,Multiplicity:1.33
0.698	0.046	0.204	0.052
0.189	0.298	0.213	0.300
0.830	0.105	0.020	0.045
0.198	0.519	0.172	0.111
0.957	0.003	0.039	0.001
0.182	0.439	0.215	0.164
0.915	0.033	0.040	0.012
0.051	0.464	0.369	0.117
0.736	0.107	0.056	0.101
0.135	0.360	0.366	0.138
>RGTCACGTGA	14-RGTCACGTGA	8.759658	-442.880103	0	T:645.0(1.86%),B:150.9(0.44%),P:1e-192	Tpos:99.6,Tstd:50.5,Bpos:110.2,Bstd:61.4,StrandBias:-0.1,Multiplicity:1.09
0.315	0.201	0.413	0.071
0.307	0.176	0.516	0.001
0.201	0.116	0.203	0.480
0.001	0.848	0.150	0.001
0.997	0.001	0.001	0.001
0.001	0.908	0.024	0.067
0.092	0.001	0.906	0.001
0.001	0.001	0.001	0.997
0.001	0.070	0.928	0.001
0.537	0.065	0.239	0.159
>TCCTATTSGC	15-TCCTATTSGC	8.915597	-429.135321	0	T:430.0(1.24%),B:68.1(0.20%),P:1e-186	Tpos:102.8,Tstd:50.3,Bpos:108.4,Bstd:44.0,StrandBias:-0.1,Multiplicity:1.15
0.001	0.001	0.310	0.688
0.096	0.559	0.032	0.313
0.081	0.841	0.001	0.077
0.062	0.350	0.081	0.507
0.957	0.001	0.041	0.001
0.001	0.001	0.041	0.957
0.001	0.093	0.342	0.564
0.101	0.401	0.497	0.001
0.001	0.001	0.655	0.343
0.119	0.460	0.231	0.190
>CCATACAAAT	16-CCATACAAAT	10.296193	-386.062516	0	T:172.0(0.50%),B:7.9(0.02%),P:1e-167	Tpos:103.9,Tstd:51.8,Bpos:137.1,Bstd:20.8,StrandBias:0.4,Multiplicity:1.61
0.100	0.700	0.100	0.100
0.100	0.700	0.100	0.100
0.700	0.100	0.100	0.100
0.100	0.100	0.100	0.700
0.700	0.100	0.100	0.100
0.100	0.700	0.100	0.100
0.700	0.100	0.100	0.100
0.700	0.100	0.100	0.100
0.700	0.100	0.100	0.100
0.100	0.100	0.100	0.700
>TCTCGCGAGA	17-TCTCGCGAGA	7.440976	-325.187565	0	T:182.0(0.52%),B:12.2(0.04%),P:1e-141	Tpos:99.2,Tstd:48.4,Bpos:121.4,Bstd:48.6,StrandBias:0.0,Multiplicity:1.14
0.001	0.001	0.001	0.997
0.135	0.555	0.001	0.309
0.001	0.001	0.001	0.997
0.001	0.997	0.001	0.001
0.001	0.001	0.997	0.001
0.001	0.997	0.001	0.001
0.001	0.001	0.997	0.001
0.997	0.001	0.001	0.001
0.001	0.001	0.997	0.001
0.995	0.001	0.001	0.003
>GTGTGGACTC	18-GTGTGGACTC	10.296193	-323.354341	0	T:176.0(0.51%),B:11.4(0.03%),P:1e-140	Tpos:106.7,Tstd:53.3,Bpos:81.1,Bstd:47.3,StrandBias:-0.3,Multiplicity:1.53
0.100	0.100	0.700	0.100
0.100	0.100	0.100	0.700
0.100	0.100	0.700	0.100
0.100	0.100	0.100	0.700
0.100	0.100	0.700	0.100
0.100	0.100	0.700	0.100
0.700	0.100	0.100	0.100
0.100	0.700	0.100	0.100
0.100	0.100	0.100	0.700
0.100	0.700	0.100	0.100
>AATGTTTYYC	19-AATGTTTYYC	11.143899	-241.292414	0	T:319.0(0.92%),B:68.4(0.20%),P:1e-104	Tpos:101.2,Tstd:55.4,Bpos:101.6,Bstd:56.2,StrandBias:0.3,Multiplicity:1.31
0.997	0.001	0.001	0.001
0.681	0.043	0.275	0.001
0.001	0.239	0.001	0.759
0.001	0.001	0.997	0.001
0.001	0.057	0.019	0.923
0.245	0.003	0.001	0.751
0.001	0.001	0.003	0.995
0.001	0.428	0.073	0.498
0.001	0.535	0.001	0.463
0.001	0.939	0.003	0.057
>GGGTCATACC	20-GGGTCATACC	8.020723	-237.186777	0	T:85.0(0.25%),B:2.9(0.01%),P:1e-103	Tpos:106.5,Tstd:49.4,Bpos:77.6,Bstd:36.4,StrandBias:0.1,Multiplicity:1.17
0.001	0.001	0.997	0.001
0.001	0.003	0.995	0.001
0.001	0.001	0.997	0.001
0.001	0.001	0.001	0.997
0.001	0.997	0.001	0.001
0.997	0.001	0.001	0.001
0.001	0.001	0.001	0.997
0.997	0.001	0.001	0.001
0.001	0.997	0.001	0.001
0.007	0.991	0.001	0.001
>CTGCTGCTGC	21-CTGCTGCTGC	10.412644	-235.442183	0	T:1537.0(4.43%),B:831.9(2.45%),P:1e-102	Tpos:98.7,Tstd:56.4,Bpos:106.3,Bstd:70.3,StrandBias:0.1,Multiplicity:1.10
0.001	0.997	0.001	0.001
0.001	0.001	0.001	0.997
0.010	0.097	0.892	0.001
0.001	0.997	0.001	0.001
0.001	0.001	0.001	0.997
0.001	0.001	0.997	0.001
0.006	0.992	0.001	0.001
0.001	0.001	0.001	0.997
0.016	0.001	0.961	0.022
0.038	0.909	0.052	0.001
>CCTAGAGCGT	22-CCTAGAGCGT	10.661703	-219.811680	0	T:196.0(0.57%),B:27.3(0.08%),P:1e-95	Tpos:102.9,Tstd:52.2,Bpos:79.8,Bstd:65.5,StrandBias:-0.0,Multiplicity:1.55
0.018	0.664	0.157	0.161
0.047	0.898	0.038	0.017
0.004	0.024	0.022	0.950
0.958	0.040	0.001	0.001
0.014	0.008	0.969	0.009
0.972	0.013	0.011	0.004
0.031	0.083	0.784	0.102
0.401	0.592	0.006	0.001
0.001	0.001	0.997	0.001
0.193	0.078	0.001	0.728
>CACCTATCCA	23-CACCTATCCA	10.296193	-218.650622	0	T:80.0(0.23%),B:2.3(0.01%),P:1e-94	Tpos:105.5,Tstd:48.4,Bpos:75.8,Bstd:33.5,StrandBias:-0.3,Multiplicity:1.03
0.100	0.700	0.100	0.100
0.700	0.100	0.100	0.100
0.100	0.700	0.100	0.100
0.100	0.700	0.100	0.100
0.100	0.100	0.100	0.700
0.700	0.100	0.100	0.100
0.100	0.100	0.100	0.700
0.100	0.700	0.100	0.100
0.100	0.700	0.100	0.100
0.700	0.100	0.100	0.100
>ATTTCGATAT	24-ATTTCGATAT	10.622470	-218.650622	0	T:80.0(0.23%),B:2.9(0.01%),P:1e-94	Tpos:97.7,Tstd:54.0,Bpos:104.8,Bstd:38.8,StrandBias:0.3,Multiplicity:1.09
0.838	0.160	0.001	0.001
0.001	0.001	0.001	0.997
0.001	0.160	0.088	0.751
0.001	0.001	0.001	0.997
0.001	0.997	0.001	0.001
0.001	0.001	0.997	0.001
0.997	0.001	0.001	0.001
0.001	0.160	0.160	0.679
0.796	0.001	0.202	0.001
0.001	0.001	0.001	0.997
>GGGTGAATGT	25-GGGTGAATGT	10.296193	-159.267814	0	T:78.0(0.22%),B:4.7(0.01%),P:1e-69	Tpos:99.6,Tstd:57.7,Bpos:119.9,Bstd:63.4,StrandBias:-0.3,Multiplicity:1.17
0.100	0.100	0.700	0.100
0.100	0.100	0.700	0.100
0.100	0.100	0.700	0.100
0.100	0.100	0.100	0.700
0.100	0.100	0.700	0.100
0.700	0.100	0.100	0.100
0.700	0.100	0.100	0.100
0.100	0.100	0.100	0.700
0.100	0.100	0.700	0.100
0.100	0.100	0.100	0.700
>GGGCGKGGCYWV	1-GGGCGKGGCYWV	9.652824	-2590.602405	0	T:2738.0(7.90%),B:470.8(1.39%),P:1e-1125	Tpos:102.8,Tstd:50.8,Bpos:103.8,Bstd:63.2,StrandBias:-0.1,Multiplicity:1.39
0.155	0.001	0.843	0.001
0.001	0.001	0.997	0.001
0.001	0.001	0.997	0.001
0.056	0.942	0.001	0.001
0.001	0.001	0.997	0.001
0.001	0.001	0.571	0.427
0.041	0.001	0.957	0.001
0.001	0.001	0.997	0.001
0.027	0.883	0.001	0.089
0.036	0.419	0.175	0.370
0.395	0.052	0.163	0.390
0.290	0.224	0.356	0.131
>TCTGATTGGCYG	2-TCTGATTGGCYG	7.458554	-1708.916970	0	T:2229.0(6.43%),B:474.1(1.40%),P:1e-742	Tpos:102.6,Tstd:47.8,Bpos:101.3,Bstd:63.6,StrandBias:-0.1,Multiplicity:1.27
0.001	0.308	0.215	0.475
0.001	0.886	0.082	0.031
0.001	0.049	0.001	0.949
0.001	0.120	0.878	0.001
0.997	0.001	0.001	0.001
0.001	0.001	0.001	0.997
0.001	0.001	0.001	0.997
0.001	0.001	0.997	0.001
0.001	0.001	0.997	0.001
0.112	0.663	0.036	0.189
0.015	0.455	0.069	0.461
0.146	0.241	0.600	0.013
>CACYAGAGGGCG	3-CACYAGAGGGCG	9.912073	-1149.060164	0	T:1258.0(3.63%),B:221.1(0.65%),P:1e-499	Tpos:105.1,Tstd:48.2,Bpos:93.6,Bstd:62.6,StrandBias:0.1,Multiplicity:1.04
0.001	0.997	0.001	0.001
0.692	0.012	0.259	0.037
0.001	0.572	0.400	0.027
0.067	0.438	0.077	0.419
0.970	0.001	0.028	0.001
0.001	0.001	0.997	0.001
0.776	0.001	0.222	0.001
0.001	0.001	0.622	0.376
0.001	0.001	0.997	0.001
0.001	0.001	0.920	0.078
0.227	0.578	0.001	0.194
0.322	0.002	0.621	0.055
>CTGCGCATGCGC	4-CTGCGCATGCGC	10.345281	-1116.245729	0	T:1196.0(3.45%),B:205.4(0.61%),P:1e-484	Tpos:99.0,Tstd:52.4,Bpos:101.7,Bstd:70.9,StrandBias:0.0,Multiplicity:1.22
0.056	0.702	0.127	0.115
0.005	0.142	0.073	0.780
0.017	0.001	0.981	0.001
0.028	0.956	0.013	0.003
0.002	0.001	0.996	0.001
0.001	0.997	0.001	0.001
0.937	0.041	0.011	0.011
0.011	0.011	0.042	0.936
0.001	0.001	0.997	0.001
0.001	0.992	0.002	0.005
0.005	0.011	0.913	0.071
0.001	0.957	0.002	0.040
>GTTAATSATTAA	5-GTTAATSATTAA	8.644373	-1028.794929	0	T:1130.0(3.26%),B:199.6(0.59%),P:1e-446	Tpos:102.8,Tstd:51.4,Bpos:97.1,Bstd:53.6,StrandBias:0.0,Multiplicity:1.04
0.204	0.007	0.641	0.148
0.028	0.039	0.100	0.833
0.140	0.083	0.036	0.741
0.985	0.001	0.009	0.005
0.868	0.077	0.002	0.053
0.194	0.025	0.005	0.776
0.149	0.361	0.343	0.148
0.760	0.001	0.014	0.225
0.045	0.001	0.085	0.869
0.026	0.024	0.001	0.949
0.778	0.039	0.087	0.096
0.840	0.071	0.040	0.049
>NMWAWGYAAACA	6-NMWAWGYAAACA	7.678815	-1011.713630	0	T:5269.0(15.20%),B:2695.9(7.94%),P:1e-439	Tpos:100.4,Tstd:54.4,Bpos:98.4,Bstd:59.3,StrandBias:-0.0,Multiplicity:1.11
0.266	0.303	0.235	0.196
0.280	0.417	0.149	0.154
0.548	0.039	0.001	0.412
0.518	0.127	0.354	0.001
0.455	0.001	0.196	0.348
0.324	0.046	0.542	0.088
0.127	0.378	0.149	0.346
0.733	0.265	0.001	0.001
0.997	0.001	0.001	0.001
0.997	0.001	0.001	0.001
0.001	0.599	0.022	0.378
0.980	0.001	0.001	0.018
>GGGTGACGTCAC	7-GGGTGACGTCAC	8.126180	-929.368378	0	T:1301.0(3.75%),B:294.0(0.87%),P:1e-403	Tpos:101.3,Tstd:48.5,Bpos:103.1,Bstd:66.1,StrandBias:-0.0,Multiplicity:1.10
0.093	0.227	0.554	0.126
0.206	0.160	0.484	0.150
0.124	0.243	0.575	0.058
0.062	0.048	0.039	0.851
0.021	0.152	0.792	0.035
0.885	0.031	0.063	0.021
0.112	0.758	0.079	0.051
0.052	0.047	0.868	0.033
0.020	0.053	0.024	0.903
0.030	0.787	0.161	0.022
0.882	0.037	0.041	0.040
0.067	0.665	0.147	0.121
>TGGACTTTGGMC	8-TGGACTTTGGMC	8.518710	-776.963597	0	T:2003.0(5.78%),B:715.7(2.11%),P:1e-337	Tpos:102.8,Tstd:50.8,Bpos:99.9,Bstd:60.6,StrandBias:0.1,Multiplicity:1.05
0.066	0.001	0.056	0.877
0.036	0.001	0.880	0.083
0.214	0.126	0.580	0.080
0.766	0.171	0.050	0.013
0.031	0.912	0.007	0.050
0.018	0.061	0.001	0.920
0.001	0.058	0.009	0.932
0.011	0.004	0.009	0.976
0.002	0.001	0.964	0.033
0.099	0.193	0.626	0.082
0.491	0.351	0.033	0.126
0.173	0.621	0.037	0.169
>ACAMTGCTGGCA	9-ACAMTGCTGGCA	12.186151	-759.911232	0	T:208.0(0.60%),B:2.9(0.01%),P:1e-330	Tpos:100.9,Tstd:51.8,Bpos:149.4,Bstd:38.9,StrandBias:-0.5,Multiplicity:1.59
0.820	0.021	0.067	0.092
0.148	0.763	0.049	0.040
0.861	0.051	0.015	0.073
0.426	0.278	0.268	0.028
0.236	0.131	0.023	0.610
0.027	0.218	0.696	0.059
0.019	0.643	0.010	0.328
0.031	0.014	0.021	0.934
0.017	0.015	0.945	0.023
0.189	0.275	0.526	0.010
0.033	0.918	0.014	0.035
0.858	0.091	0.012	0.039
>AAGCCATACAAA	10-AAGCCATACAAA	16.454584	-633.316722	0	T:156.0(0.45%),B:0.8(0.00%),P:1e-275	Tpos:106.0,Tstd:51.0,Bpos:154.0,Bstd:0.0,StrandBias:0.5,Multiplicity:1.57
0.997	0.001	0.001	0.001
0.997	0.001	0.001	0.001
0.024	0.001	0.972	0.003
0.001	0.997	0.001	0.001
0.001	0.997	0.001	0.001
0.984	0.006	0.004	0.006
0.001	0.075	0.001	0.923
0.981	0.001	0.001	0.017
0.002	0.993	0.001	0.004
0.997	0.001	0.001	0.001
0.990	0.001	0.008	0.001
0.995	0.001	0.003	0.001
>CTCCTGTGTGGA	11-CTCCTGTGTGGA	11.945731	-588.931733	0	T:187.0(0.54%),B:3.5(0.01%),P:1e-255	Tpos:105.5,Tstd:50.3,Bpos:99.7,Bstd:43.5,StrandBias:-0.5,Multiplicity:1.61
0.001	0.976	0.001	0.022
0.001	0.001	0.001	0.997
0.001	0.997	0.001	0.001
0.001	0.982	0.001	0.016
0.001	0.001	0.014	0.984
0.001	0.001	0.997	0.001
0.002	0.001	0.002	0.995
0.001	0.001	0.997	0.001
0.001	0.001	0.001	0.997
0.001	0.001	0.997	0.001
0.010	0.001	0.988	0.001
0.997	0.001	0.001	0.001
>TCATACCKATTG	12-TCATACCKATTG	10.821444	-587.253867	0	T:212.0(0.61%),B:5.2(0.02%),P:1e-255	Tpos:103.8,Tstd:53.6,Bpos:141.9,Bstd:44.6,StrandBias:0.2,Multiplicity:1.28
0.047	0.044	0.049	0.860
0.008	0.922	0.053	0.017
0.723	0.043	0.160	0.074
0.228	0.169	0.179	0.423
0.762	0.049	0.124	0.065
0.058	0.791	0.109	0.042
0.135	0.654	0.072	0.139
0.135	0.058	0.401	0.405
0.856	0.036	0.038	0.070
0.110	0.051	0.320	0.519
0.044	0.004	0.019	0.933
0.035	0.057	0.849	0.059
>CCCACTTCCGGT	13-CCCACTTCCGGT	10.056957	-583.806824	0	T:682.0(1.97%),B:128.8(0.38%),P:1e-253	Tpos:103.3,Tstd:50.7,Bpos:100.2,Bstd:61.1,StrandBias:-0.1,Multiplicity:1.19
0.072	0.576	0.232	0.120
0.014	0.647	0.188	0.151
0.031	0.730	0.111	0.128
0.790	0.021	0.126	0.063
0.003	0.953	0.003	0.041
0.006	0.014	0.003	0.977
0.002	0.016	0.007	0.975
0.005	0.979	0.002	0.014
0.011	0.958	0.012	0.019
0.013	0.009	0.957	0.021
0.009	0.173	0.804	0.014
0.033	0.213	0.096	0.658
>AAATGTTTTTCT	14-AAATGTTTTTCT	16.430425	-543.739100	0	T:138.0(0.40%),B:1.3(0.00%),P:1e-236	Tpos:103.3,Tstd:52.0,Bpos:80.2,Bstd:29.8,StrandBias:0.5,Multiplicity:1.31
0.995	0.003	0.001	0.001
0.997	0.001	0.001	0.001
0.987	0.001	0.011	0.001
0.001	0.001	0.096	0.902
0.001	0.001	0.997	0.001
0.001	0.022	0.006	0.971
0.001	0.001	0.001	0.997
0.001	0.001	0.001	0.997
0.001	0.025	0.001	0.973
0.001	0.001	0.007	0.991
0.001	0.997	0.001	0.001
0.001	0.001	0.001	0.997
>AGAGAGAGAGAG	15-AGAGAGAGAGAG	4.930091	-521.293170	0	T:9009.0(25.98%),B:6428.0(18.93%),P:1e-226	Tpos:100.8,Tstd:55.2,Bpos:97.6,Bstd:67.3,StrandBias:-0.0,Multiplicity:1.33
0.809	0.083	0.107	0.001
0.001	0.227	0.771	0.001
0.844	0.013	0.142	0.001
0.001	0.057	0.941	0.001
0.966	0.001	0.032	0.001
0.001	0.126	0.872	0.001
0.882	0.020	0.097	0.001
0.001	0.075	0.923	0.001
0.818	0.098	0.083	0.001
0.014	0.076	0.909	0.001
0.599	0.258	0.128	0.015
0.001	0.194	0.804	0.001
>TCTCTGATGTGT	16-TCTCTGATGTGT	14.690931	-503.648099	0	T:166.0(0.48%),B:3.6(0.01%),P:1e-218	Tpos:101.7,Tstd:51.7,Bpos:91.9,Bstd:21.5,StrandBias:-0.4,Multiplicity:1.42
0.001	0.001	0.001	0.997
0.001	0.997	0.001	0.001
0.001	0.001	0.001	0.997
0.001	0.996	0.002	0.001
0.001	0.001	0.001	0.997
0.001	0.001	0.997	0.001
0.968	0.001	0.030	0.001
0.001	0.001	0.001	0.997
0.001	0.001	0.997	0.001
0.001	0.001	0.001	0.997
0.157	0.203	0.478	0.162
0.001	0.030	0.001	0.968
>GGGARATGKAGT	17-GGGARATGKAGT	9.993693	-486.556280	0	T:1480.0(4.27%),B:578.3(1.70%),P:1e-211	Tpos:101.8,Tstd:54.8,Bpos:100.2,Bstd:62.0,StrandBias:0.1,Multiplicity:1.27
0.001	0.001	0.997	0.001
0.001	0.001	0.997	0.001
0.001	0.001	0.997	0.001
0.954	0.001	0.044	0.001
0.552	0.006	0.415	0.027
0.499	0.184	0.172	0.145
0.003	0.080	0.020	0.897
0.004	0.001	0.992	0.003
0.258	0.016	0.411	0.316
0.997	0.001	0.001	0.001
0.001	0.001	0.997	0.001
0.001	0.001	0.052	0.946
>CTATGTATTCCT	18-CTATGTATTCCT	11.187676	-405.628561	0	T:141.0(0.41%),B:3.7(0.01%),P:1e-176	Tpos:102.8,Tstd:55.1,Bpos:98.1,Bstd:30.4,StrandBias:0.0,Multiplicity:2.25
0.001	0.997	0.001	0.001
0.001	0.008	0.001	0.990
0.997	0.001	0.001	0.001
0.001	0.001	0.001	0.997
0.001	0.001	0.997	0.001
0.001	0.001	0.001	0.997
0.997	0.001	0.001	0.001
0.001	0.001	0.001	0.997
0.010	0.001	0.001	0.988
0.088	0.910	0.001	0.001
0.005	0.974	0.001	0.020
0.010	0.001	0.001	0.988
>GCTCTCGCGAGA	19-GCTCTCGCGAGA	9.961341	-334.923709	0	T:210.0(0.61%),B:17.1(0.05%),P:1e-145	Tpos:99.8,Tstd:48.8,Bpos:124.0,Bstd:49.1,StrandBias:0.1,Multiplicity:1.21
0.174	0.253	0.553	0.020
0.269	0.509	0.087	0.135
0.001	0.013	0.005	0.981
0.026	0.966	0.007	0.001
0.005	0.019	0.002	0.974
0.007	0.981	0.007	0.005
0.005	0.011	0.979	0.005
0.009	0.973	0.011	0.007
0.005	0.005	0.986	0.004
0.975	0.011	0.009	0.005
0.002	0.005	0.935	0.058
0.943	0.007	0.046	0.004
>CCWAGAGAGTCA	20-CCWAGAGAGTCA	11.442395	-288.287328	0	T:191.0(0.55%),B:17.0(0.05%),P:1e-125	Tpos:107.2,Tstd:52.3,Bpos:98.0,Bstd:65.2,StrandBias:0.2,Multiplicity:1.44
0.033	0.626	0.060	0.281
0.015	0.904	0.055	0.026
0.326	0.253	0.006	0.415
0.627	0.016	0.331	0.026
0.024	0.063	0.903	0.010
0.731	0.087	0.004	0.178
0.035	0.017	0.889	0.059
0.874	0.076	0.020	0.030
0.004	0.099	0.892	0.005
0.173	0.020	0.229	0.578
0.069	0.859	0.040	0.032
0.682	0.251	0.020	0.047
>CCAGAAGGCAAC	21-CCAGAAGGCAAC	12.221477	-287.818443	0	T:195.0(0.56%),B:18.6(0.05%),P:1e-124	Tpos:99.8,Tstd:52.9,Bpos:90.8,Bstd:69.2,StrandBias:-0.2,Multiplicity:1.24
0.011	0.962	0.023	0.004
0.004	0.980	0.008	0.008
0.938	0.008	0.027	0.027
0.214	0.233	0.412	0.141
0.774	0.183	0.035	0.008
0.891	0.008	0.089	0.012
0.015	0.019	0.621	0.345
0.008	0.001	0.987	0.004
0.004	0.736	0.012	0.248
0.920	0.064	0.008	0.008
0.710	0.055	0.015	0.220
0.005	0.860	0.126	0.009
>NNCTAGAKCGDN	22-NNCTAGAKCGDN	6.730272	-287.156383	0	T:314.0(0.91%),B:55.1(0.16%),P:1e-124	Tpos:102.5,Tstd:50.6,Bpos:94.2,Bstd:65.1,StrandBias:-0.0,Multiplicity:1.38
0.249	0.234	0.232	0.285
0.190	0.260	0.333	0.216
0.133	0.586	0.129	0.152
0.136	0.076	0.130	0.658
0.591	0.162	0.133	0.114
0.133	0.082	0.634	0.151
0.476	0.166	0.189	0.169
0.175	0.162	0.400	0.263
0.062	0.778	0.094	0.066
0.081	0.156	0.701	0.062
0.278	0.171	0.222	0.329
0.221	0.281	0.290	0.209
>ACACACACACAC	23-ACACACACACAC	5.490453	-282.455319	0	T:6497.0(18.74%),B:4801.9(14.14%),P:1e-122	Tpos:100.8,Tstd:56.7,Bpos:100.6,Bstd:58.4,StrandBias:-0.0,Multiplicity:1.19
0.764	0.045	0.123	0.068
0.179	0.586	0.056	0.179
0.929	0.023	0.021	0.027
0.161	0.650	0.035	0.154
0.967	0.013	0.017	0.003
0.122	0.746	0.039	0.093
0.960	0.015	0.023	0.002
0.122	0.765	0.044	0.069
0.934	0.019	0.038	0.009
0.075	0.752	0.066	0.107
0.849	0.039	0.053	0.059
0.084	0.612	0.142	0.162
>ATATCGAAATCG	24-ATATCGAAATCG	10.409522	-278.975470	0	T:96.0(0.28%),B:2.4(0.01%),P:1e-121	Tpos:103.4,Tstd:53.8,Bpos:147.0,Bstd:51.3,StrandBias:-0.3,Multiplicity:1.15
0.700	0.100	0.100	0.100
0.100	0.100	0.100	0.700
0.700	0.100	0.100	0.100
0.100	0.100	0.100	0.700
0.100	0.700	0.100	0.100
0.100	0.100	0.700	0.100
0.700	0.100	0.100	0.100
0.700	0.100	0.100	0.100
0.700	0.100	0.100	0.100
0.100	0.100	0.100	0.700
0.100	0.700	0.100	0.100
0.100	0.100	0.700	0.100
>GCAGCAGCAGSA	25-GCAGCAGCAGSA	10.758120	-229.655470	0	T:1637.0(4.72%),B:911.7(2.69%),P:1e-99	Tpos:98.0,Tstd:55.4,Bpos:107.6,Bstd:68.5,StrandBias:-0.1,Multiplicity:1.13
0.001	0.104	0.598	0.297
0.138	0.592	0.258	0.012
0.960	0.038	0.001	0.001
0.004	0.133	0.862	0.001
0.001	0.687	0.301	0.011
0.956	0.042	0.001	0.001
0.001	0.011	0.941	0.047
0.042	0.588	0.361	0.009
0.930	0.001	0.014	0.055
0.107	0.001	0.837	0.055
0.022	0.531	0.386	0.061
0.593	0.193	0.201	0.013
>GGCGGGGC	1-GGCGGGGC	9.898351	-1889.313148	0	T:3049.0(8.79%),B:791.7(2.33%),P:1e-820	Tpos:101.4,Tstd:52.0,Bpos:102.2,Bstd:65.9,StrandBias:-0.0,Multiplicity:1.39
0.001	0.001	0.997	0.001
0.001	0.001	0.997	0.001
0.001	0.997	0.001	0.001
0.001	0.001	0.997	0.001
0.001	0.001	0.652	0.346
0.073	0.001	0.925	0.001
0.001	0.001	0.997	0.001
0.001	0.963	0.001	0.035
>YTTGGCAM	2-YTTGGCAM	3.089786	-1415.102129	0	T:11011.0(31.76%),B:6686.6(19.69%),P:1e-614	Tpos:101.5,Tstd:52.7,Bpos:100.1,Bstd:62.0,StrandBias:0.0,Multiplicity:1.24
0.058	0.472	0.001	0.469
0.001	0.001	0.001	0.997
0.001	0.001	0.001	0.997
0.001	0.001	0.997	0.001
0.001	0.001	0.997	0.001
0.001	0.997	0.001	0.001
0.853	0.001	0.001	0.145
0.375	0.399	0.225	0.001
>CTGATTGG	3-CTGATTGG	7.115097	-1414.302205	0	T:2039.0(5.88%),B:475.7(1.40%),P:1e-614	Tpos:101.3,Tstd:49.3,Bpos:103.5,Bstd:61.6,StrandBias:-0.2,Multiplicity:1.21
0.001	0.890	0.108	0.001
0.001	0.177	0.001	0.821
0.001	0.001	0.997	0.001
0.997	0.001	0.001	0.001
0.001	0.001	0.001	0.997
0.001	0.001	0.001	0.997
0.001	0.001	0.997	0.001
0.001	0.001	0.997	0.001
>TGTTKACA	4-TGTTKACA	6.575288	-1209.412335	0	T:8807.0(25.40%),B:5164.2(15.21%),P:1e-525	Tpos:101.9,Tstd:54.7,Bpos:98.3,Bstd:60.8,StrandBias:-0.0,Multiplicity:1.20
0.001	0.001	0.001	0.997
0.390	0.001	0.608	0.001
0.001	0.001	0.001	0.997
0.001	0.001	0.126	0.872
0.001	0.001	0.492	0.506
0.583	0.001	0.415	0.001
0.001	0.837	0.001	0.161
0.582	0.216	0.001	0.201
>TGACGTCA	5-TGACGTCA	8.236954	-846.009543	0	T:856.0(2.47%),B:137.7(0.41%),P:1e-367	Tpos:102.8,Tstd:48.4,Bpos:106.0,Bstd:72.2,StrandBias:0.0,Multiplicity:1.07
0.100	0.100	0.100	0.700
0.100	0.100	0.700	0.100
0.700	0.100	0.100	0.100
0.100	0.700	0.100	0.100
0.100	0.100	0.700	0.100
0.100	0.100	0.100	0.700
0.100	0.700	0.100	0.100
0.700	0.100	0.100	0.100
>AGGGAGGG	6-AGGGAGGG	6.613992	-825.020421	0	T:8902.0(25.68%),B:5780.8(17.03%),P:1e-358	Tpos:99.8,Tstd:56.7,Bpos:101.1,Bstd:60.9,StrandBias:-0.1,Multiplicity:1.52
0.665	0.074	0.169	0.092
0.100	0.046	0.838	0.016
0.028	0.038	0.860	0.074
0.071	0.103	0.824	0.002
0.470	0.306	0.205	0.019
0.100	0.094	0.769	0.037
0.021	0.229	0.702	0.048
0.042	0.084	0.873	0.001
>GCGCATGC	7-GCGCATGC	8.683356	-806.260803	0	T:1556.0(4.49%),B:457.0(1.35%),P:1e-350	Tpos:99.3,Tstd:53.8,Bpos:101.3,Bstd:67.4,StrandBias:-0.0,Multiplicity:1.22
0.001	0.001	0.997	0.001
0.001	0.997	0.001	0.001
0.001	0.001	0.997	0.001
0.001	0.997	0.001	0.001
0.997	0.001	0.001	0.001
0.001	0.001	0.092	0.906
0.001	0.001	0.997	0.001
0.001	0.997	0.001	0.001
>BTGACBTT	8-BTGACBTT	5.998801	-653.082947	0	T:9224.0(26.60%),B:6350.5(18.70%),P:1e-283	Tpos:100.6,Tstd:54.8,Bpos:99.1,Bstd:61.0,StrandBias:0.1,Multiplicity:1.22
0.110	0.266	0.285	0.339
0.023	0.017	0.378	0.582
0.356	0.001	0.527	0.116
0.997	0.001	0.001	0.001
0.001	0.997	0.001	0.001
0.048	0.310	0.254	0.388
0.052	0.105	0.001	0.842
0.001	0.323	0.042	0.634
>GAGGCGGG	9-GAGGCGGG	7.281980	-639.157797	0	T:3352.0(9.67%),B:1695.7(4.99%),P:1e-277	Tpos:100.5,Tstd:53.5,Bpos:99.9,Bstd:66.7,StrandBias:-0.0,Multiplicity:1.14
0.170	0.001	0.828	0.001
0.997	0.001	0.001	0.001
0.001	0.040	0.958	0.001
0.001	0.001	0.997	0.001
0.001	0.997	0.001	0.001
0.001	0.001	0.997	0.001
0.001	0.117	0.839	0.043
0.190	0.001	0.808	0.001
>CTCGCTCT	10-CTCGCTCT	7.118055	-607.920914	0	T:6891.0(19.88%),B:4471.2(13.17%),P:1e-264	Tpos:100.4,Tstd:55.9,Bpos:96.9,Bstd:71.8,StrandBias:-0.0,Multiplicity:1.34
0.001	0.901	0.048	0.050
0.001	0.024	0.303	0.672
0.001	0.867	0.131	0.001
0.001	0.122	0.572	0.305
0.001	0.997	0.001	0.001
0.001	0.001	0.165	0.833
0.001	0.997	0.001	0.001
0.001	0.001	0.150	0.848
>CCGGAAGT	11-CCGGAAGT	8.236954	-502.244498	0	T:804.0(2.32%),B:203.1(0.60%),P:1e-218	Tpos:103.6,Tstd:51.6,Bpos:98.8,Bstd:60.0,StrandBias:-0.0,Multiplicity:1.22
0.100	0.700	0.100	0.100
0.100	0.700	0.100	0.100
0.100	0.100	0.700	0.100
0.100	0.100	0.700	0.100
0.700	0.100	0.100	0.100
0.700	0.100	0.100	0.100
0.100	0.100	0.700	0.100
0.100	0.100	0.100	0.700
>CACGTGAC	12-CACGTGAC	7.435964	-482.667730	0	T:753.0(2.17%),B:186.1(0.55%),P:1e-209	Tpos:99.1,Tstd:52.1,Bpos:108.0,Bstd:63.9,StrandBias:-0.0,Multiplicity:1.13
0.001	0.970	0.001	0.028
0.941	0.001	0.057	0.001
0.001	0.997	0.001	0.001
0.001	0.001	0.997	0.001
0.001	0.001	0.001	0.997
0.001	0.001	0.997	0.001
0.997	0.001	0.001	0.001
0.001	0.997	0.001	0.001
>TAATGATT	13-TAATGATT	5.923437	-425.811360	0	T:5489.0(15.83%),B:3636.5(10.71%),P:1e-184	Tpos:98.3,Tstd:56.0,Bpos:98.7,Bstd:58.6,StrandBias:0.0,Multiplicity:1.20
0.157	0.130	0.157	0.556
0.942	0.030	0.020	0.008
0.721	0.045	0.016	0.218
0.106	0.088	0.026	0.780
0.028	0.253	0.676	0.043
0.613	0.034	0.033	0.320
0.055	0.051	0.033	0.861
0.011	0.135	0.001	0.853
>ACACACAC	14-ACACACAC	5.676693	-360.660665	0	T:9178.0(26.47%),B:6958.1(20.49%),P:1e-156	Tpos:101.5,Tstd:56.8,Bpos:100.8,Bstd:60.4,StrandBias:0.0,Multiplicity:1.30
0.779	0.110	0.078	0.033
0.215	0.645	0.048	0.092
0.849	0.032	0.093	0.026
0.172	0.688	0.034	0.106
0.869	0.063	0.028	0.040
0.115	0.692	0.130	0.063
0.838	0.052	0.063	0.047
0.028	0.640	0.257	0.075
>AWTSCCAG	15-AWTSCCAG	5.993755	-336.289846	0	T:11504.0(33.18%),B:9135.6(26.91%),P:1e-146	Tpos:100.5,Tstd:55.0,Bpos:98.5,Bstd:59.9,StrandBias:0.0,Multiplicity:1.25
0.747	0.001	0.176	0.076
0.351	0.200	0.001	0.448
0.001	0.060	0.105	0.834
0.038	0.375	0.518	0.069
0.139	0.794	0.066	0.001
0.001	0.957	0.041	0.001
0.820	0.126	0.053	0.001
0.047	0.001	0.951	0.001
>TCTCGCGA	16-TCTCGCGA	11.006383	-249.254252	0	T:239.0(0.69%),B:36.4(0.11%),P:1e-108	Tpos:97.9,Tstd:49.1,Bpos:103.2,Bstd:72.5,StrandBias:0.2,Multiplicity:1.26
0.001	0.001	0.001	0.997
0.059	0.939	0.001	0.001
0.001	0.001	0.001	0.997
0.001	0.997	0.001	0.001
0.001	0.001	0.997	0.001
0.001	0.997	0.001	0.001
0.001	0.001	0.997	0.001
0.997	0.001	0.001	0.001
>CGCTAGAT	17-CGCTAGAT	4.312992	-233.624654	0	T:619.0(1.79%),B:223.4(0.66%),P:1e-101	Tpos:102.0,Tstd:51.6,Bpos:100.7,Bstd:56.0,StrandBias:-0.0,Multiplicity:1.09
0.001	0.997	0.001	0.001
0.040	0.001	0.958	0.001
0.001	0.997	0.001	0.001
0.001	0.001	0.001	0.997
0.997	0.001	0.001	0.001
0.001	0.001	0.997	0.001
0.969	0.001	0.029	0.001
0.001	0.001	0.001	0.997
>CTAGAGCG	18-CTAGAGCG	8.236954	-195.099898	0	T:360.0(1.04%),B:102.4(0.30%),P:1e-84	Tpos:101.2,Tstd:51.6,Bpos:98.9,Bstd:69.8,StrandBias:0.1,Multiplicity:1.31
0.100	0.700	0.100	0.100
0.100	0.100	0.100	0.700
0.700	0.100	0.100	0.100
0.100	0.100	0.700	0.100
0.700	0.100	0.100	0.100
0.100	0.100	0.700	0.100
0.100	0.700	0.100	0.100
0.100	0.100	0.700	0.100
>CCATAGAG	19-CCATAGAG	5.176899	-189.832726	0	T:824.0(2.38%),B:381.9(1.12%),P:1e-82	Tpos:104.5,Tstd:54.9,Bpos:96.0,Bstd:60.2,StrandBias:0.0,Multiplicity:1.17
0.001	0.997	0.001	0.001
0.001	0.934	0.064	0.001
0.955	0.001	0.043	0.001
0.001	0.001	0.001	0.997
0.997	0.001	0.001	0.001
0.001	0.001	0.997	0.001
0.997	0.001	0.001	0.001
0.001	0.001	0.997	0.001
>ATTGTGGG	20-ATTGTGGG	8.236954	-182.767096	0	T:516.0(1.49%),B:193.7(0.57%),P:1e-79	Tpos:100.8,Tstd:55.6,Bpos:101.7,Bstd:58.4,StrandBias:0.2,Multiplicity:1.25
0.700	0.100	0.100	0.100
0.100	0.100	0.100	0.700
0.100	0.100	0.100	0.700
0.100	0.100	0.700	0.100
0.100	0.100	0.100	0.700
0.100	0.100	0.700	0.100
0.100	0.100	0.700	0.100
0.100	0.100	0.700	0.100
>TGCTGCTG	21-TGCTGCTG	8.236954	-166.805901	0	T:2171.0(6.26%),B:1420.5(4.18%),P:1e-72	Tpos:98.8,Tstd:57.0,Bpos:105.0,Bstd:68.0,StrandBias:0.0,Multiplicity:1.10
0.100	0.100	0.100	0.700
0.100	0.100	0.700	0.100
0.100	0.700	0.100	0.100
0.100	0.100	0.100	0.700
0.100	0.100	0.700	0.100
0.100	0.700	0.100	0.100
0.100	0.100	0.100	0.700
0.100	0.100	0.700	0.100
>AATATCGA	22-AATATCGA	8.871097	-106.772714	0	T:120.0(0.35%),B:22.5(0.07%),P:1e-46	Tpos:96.8,Tstd:53.6,Bpos:83.8,Bstd:46.5,StrandBias:-0.1,Multiplicity:1.05
0.997	0.001	0.001	0.001
0.887	0.001	0.111	0.001
0.001	0.001	0.001	0.997
0.997	0.001	0.001	0.001
0.001	0.001	0.001	0.997
0.001	0.997	0.001	0.001
0.001	0.001	0.997	0.001
0.997	0.001	0.001	0.001
>GTATGRCT	23-GTATGRCT	7.928563	-79.754870	0	T:682.0(1.97%),B:401.8(1.18%),P:1e-34	Tpos:104.3,Tstd:54.8,Bpos:104.9,Bstd:59.8,StrandBias:-0.1,Multiplicity:1.25
0.097	0.001	0.901	0.001
0.001	0.001	0.088	0.910
0.703	0.093	0.001	0.203
0.093	0.122	0.001	0.784
0.001	0.037	0.712	0.250
0.412	0.250	0.336	0.001
0.015	0.983	0.001	0.001
0.003	0.325	0.001	0.671
>WATAYATA	24-WATAYATA	8.445283	-40.795424	0	T:289.0(0.83%),B:162.1(0.48%),P:1e-17	Tpos:92.4,Tstd:65.8,Bpos:86.4,Bstd:53.6,StrandBias:0.0,Multiplicity:1.12
0.412	0.001	0.070	0.517
0.602	0.327	0.001	0.070
0.001	0.001	0.062	0.936
0.876	0.122	0.001	0.001
0.001	0.412	0.137	0.450
0.622	0.001	0.376	0.001
0.001	0.001	0.001	0.997
0.997	0.001	0.001	0.001
>GAATACAT	25-GAATACAT	10.904448	-35.340358	0	T:267.0(0.77%),B:153.5(0.45%),P:1e-15	Tpos:100.3,Tstd:56.4,Bpos:99.9,Bstd:52.3,StrandBias:0.1,Multiplicity:1.60
0.001	0.001	0.997	0.001
0.848	0.001	0.150	0.001
0.997	0.001	0.001	0.001
0.001	0.001	0.001	0.997
0.997	0.001	0.001	0.001
0.001	0.997	0.001	0.001
0.997	0.001	0.001	0.001
0.001	0.001	0.001	0.997
