>GGGGCGKGGC	1-GGGGCGKGGC	9.405085	-1839.148296	0	T:2641.0(7.62%),B:618.8(1.82%),P:1e-798	Tpos:100.9,Tstd:53.0,Bpos:100.9,Bstd:61.5,StrandBias:-0.1,Multiplicity:1.41
0.144	0.033	0.552	0.271
0.137	0.009	0.842	0.012
0.064	0.058	0.873	0.005
0.030	0.018	0.945	0.007
0.066	0.932	0.001	0.001
0.017	0.007	0.957	0.019
0.021	0.048	0.523	0.408
0.078	0.029	0.829	0.064
0.045	0.018	0.888	0.049
0.088	0.773	0.010	0.129
>CYGATTGGHY	2-CYGATTGGHY	7.923662	-1771.446402	0	T:3124.0(9.01%),B:872.5(2.57%),P:1e-769	Tpos:102.2,Tstd:50.1,Bpos:96.6,Bstd:58.6,StrandBias:-0.1,Multiplicity:1.36
0.153	0.626	0.172	0.049
0.001	0.492	0.165	0.342
0.151	0.164	0.602	0.083
0.987	0.001	0.011	0.001
0.001	0.001	0.001	0.997
0.001	0.001	0.001	0.997
0.001	0.001	0.997	0.001
0.001	0.001	0.997	0.001
0.257	0.337	0.003	0.403
0.024	0.467	0.052	0.457
>TGCGCATGCG	3-TGCGCATGCG	9.981929	-1333.542941	0	T:1388.0(4.01%),B:231.5(0.68%),P:1e-579	Tpos:100.6,Tstd:52.7,Bpos:104.5,Bstd:66.4,StrandBias:-0.0,Multiplicity:1.26
0.034	0.196	0.128	0.642
0.029	0.004	0.966	0.001
0.038	0.957	0.004	0.001
0.004	0.001	0.994	0.001
0.001	0.997	0.001	0.001
0.949	0.034	0.016	0.001
0.005	0.041	0.042	0.912
0.001	0.001	0.997	0.001
0.001	0.986	0.001	0.012
0.001	0.009	0.917	0.073
>TTTCCCACAA	4-TTTCCCACAA	10.296193	-888.891811	0	T:364.0(1.05%),B:12.9(0.04%),P:1e-386	Tpos:100.3,Tstd:56.0,Bpos:109.0,Bstd:59.5,StrandBias:-0.5,Multiplicity:1.62
0.100	0.100	0.100	0.700
0.100	0.100	0.100	0.700
0.100	0.100	0.100	0.700
0.100	0.700	0.100	0.100
0.100	0.700	0.100	0.100
0.100	0.700	0.100	0.100
0.700	0.100	0.100	0.100
0.100	0.700	0.100	0.100
0.700	0.100	0.100	0.100
0.700	0.100	0.100	0.100
>GTGTGGACTC	5-GTGTGGACTC	10.296193	-819.013159	0	T:326.0(0.94%),B:10.5(0.03%),P:1e-355	Tpos:104.2,Tstd:50.8,Bpos:121.4,Bstd:48.8,StrandBias:-0.4,Multiplicity:1.52
0.100	0.100	0.700	0.100
0.100	0.100	0.100	0.700
0.100	0.100	0.700	0.100
0.100	0.100	0.100	0.700
0.100	0.100	0.700	0.100
0.100	0.100	0.700	0.100
0.700	0.100	0.100	0.100
0.100	0.700	0.100	0.100
0.100	0.100	0.100	0.700
0.100	0.700	0.100	0.100
>AATGCCAGCA	6-AATGCCAGCA	10.296193	-656.261314	0	T:372.0(1.07%),B:25.4(0.07%),P:1e-285	Tpos:102.0,Tstd:54.9,Bpos:78.1,Bstd:45.6,StrandBias:0.6,Multiplicity:1.66
0.700	0.100	0.100	0.100
0.700	0.100	0.100	0.100
0.100	0.100	0.100	0.700
0.100	0.100	0.700	0.100
0.100	0.700	0.100	0.100
0.100	0.700	0.100	0.100
0.700	0.100	0.100	0.100
0.100	0.100	0.700	0.100
0.100	0.700	0.100	0.100
0.700	0.100	0.100	0.100
>NGTGACGTCA	7-NGTGACGTCA	8.046725	-580.548811	0	T:1307.0(3.77%),B:427.9(1.26%),P:1e-252	Tpos:96.6,Tstd:52.4,Bpos:101.9,Bstd:58.4,StrandBias:-0.0,Multiplicity:1.16
0.212	0.226	0.353	0.209
0.244	0.230	0.439	0.087
0.001	0.001	0.001	0.997
0.001	0.218	0.780	0.001
0.997	0.001	0.001	0.001
0.001	0.997	0.001	0.001
0.001	0.001	0.859	0.139
0.001	0.001	0.001	0.997
0.001	0.822	0.176	0.001
0.997	0.001	0.001	0.001
>AACCGGAAGT	8-AACCGGAAGT	9.033792	-566.921757	0	T:767.0(2.21%),B:167.5(0.49%),P:1e-246	Tpos:103.5,Tstd:53.4,Bpos:99.8,Bstd:60.0,StrandBias:0.2,Multiplicity:1.20
0.732	0.036	0.165	0.067
0.814	0.085	0.090	0.011
0.001	0.940	0.058	0.001
0.018	0.976	0.005	0.001
0.001	0.003	0.995	0.001
0.001	0.001	0.997	0.001
0.997	0.001	0.001	0.001
0.980	0.004	0.012	0.004
0.019	0.005	0.975	0.001
0.029	0.144	0.033	0.794
>GTTCAACCGA	9-GTTCAACCGA	10.897019	-539.051800	0	T:137.0(0.40%),B:1.6(0.00%),P:1e-234	Tpos:103.9,Tstd:63.9,Bpos:64.7,Bstd:69.3,StrandBias:-0.1,Multiplicity:1.00
0.018	0.001	0.980	0.001
0.018	0.001	0.120	0.861
0.019	0.054	0.019	0.908
0.001	0.696	0.302	0.001
0.783	0.001	0.198	0.018
0.927	0.001	0.001	0.071
0.001	0.736	0.161	0.102
0.001	0.759	0.001	0.239
0.001	0.001	0.997	0.001
0.945	0.001	0.001	0.053
>GGAATACATA	10-GGAATACATA	13.740492	-474.706340	0	T:207.0(0.60%),B:8.1(0.02%),P:1e-206	Tpos:100.7,Tstd:53.1,Bpos:99.8,Bstd:48.4,StrandBias:0.0,Multiplicity:1.83
0.001	0.001	0.997	0.001
0.001	0.001	0.997	0.001
0.909	0.001	0.089	0.001
0.997	0.001	0.001	0.001
0.001	0.001	0.001	0.997
0.997	0.001	0.001	0.001
0.001	0.997	0.001	0.001
0.997	0.001	0.001	0.001
0.001	0.001	0.001	0.997
0.997	0.001	0.001	0.001
>ATGACCCAGG	11-ATGACCCAGG	10.296193	-444.586796	0	T:151.0(0.44%),B:4.0(0.01%),P:1e-193	Tpos:100.3,Tstd:54.1,Bpos:95.0,Bstd:68.8,StrandBias:0.1,Multiplicity:1.10
0.700	0.100	0.100	0.100
0.100	0.100	0.100	0.700
0.100	0.100	0.700	0.100
0.700	0.100	0.100	0.100
0.100	0.700	0.100	0.100
0.100	0.700	0.100	0.100
0.100	0.700	0.100	0.100
0.700	0.100	0.100	0.100
0.100	0.100	0.700	0.100
0.100	0.100	0.700	0.100
>AATCCACACA	12-AATCCACACA	10.447590	-431.324119	0	T:448.0(1.29%),B:74.1(0.22%),P:1e-187	Tpos:103.9,Tstd:51.4,Bpos:91.3,Bstd:52.7,StrandBias:0.5,Multiplicity:1.86
0.997	0.001	0.001	0.001
0.985	0.006	0.008	0.001
0.001	0.001	0.236	0.762
0.001	0.997	0.001	0.001
0.001	0.991	0.007	0.001
0.996	0.001	0.002	0.001
0.001	0.754	0.001	0.244
0.784	0.001	0.001	0.214
0.001	0.997	0.001	0.001
0.763	0.001	0.234	0.002
>GCRWWKGTCA	13-GCRWWKGTCA	7.087201	-400.697293	0	T:385.0(1.11%),B:59.0(0.17%),P:1e-174	Tpos:101.7,Tstd:52.2,Bpos:104.6,Bstd:60.9,StrandBias:0.3,Multiplicity:1.08
0.044	0.145	0.738	0.073
0.164	0.407	0.172	0.256
0.345	0.128	0.368	0.159
0.532	0.016	0.064	0.388
0.362	0.177	0.196	0.265
0.135	0.104	0.318	0.443
0.129	0.259	0.596	0.016
0.039	0.051	0.095	0.815
0.075	0.690	0.004	0.231
0.574	0.252	0.173	0.001
>GGAACGTCGT	14-GGAACGTCGT	11.739806	-391.974871	0	T:206.0(0.59%),B:12.9(0.04%),P:1e-170	Tpos:102.6,Tstd:56.8,Bpos:113.6,Bstd:66.0,StrandBias:0.1,Multiplicity:1.05
0.001	0.001	0.997	0.001
0.001	0.001	0.997	0.001
0.997	0.001	0.001	0.001
0.886	0.112	0.001	0.001
0.001	0.997	0.001	0.001
0.001	0.001	0.617	0.381
0.001	0.001	0.001	0.997
0.001	0.997	0.001	0.001
0.362	0.001	0.636	0.001
0.001	0.001	0.001	0.997
>ATTTTGTGTT	15-ATTTTGTGTT	13.590001	-371.150613	0	T:187.0(0.54%),B:10.0(0.03%),P:1e-161	Tpos:95.2,Tstd:47.3,Bpos:95.5,Bstd:61.8,StrandBias:-0.4,Multiplicity:1.34
0.997	0.001	0.001	0.001
0.001	0.001	0.001	0.997
0.001	0.001	0.001	0.997
0.001	0.001	0.001	0.997
0.001	0.001	0.001	0.997
0.001	0.001	0.997	0.001
0.001	0.001	0.001	0.997
0.001	0.001	0.997	0.001
0.001	0.216	0.001	0.782
0.001	0.001	0.001	0.997
>GAATAABGTT	16-GAATAABGTT	11.356437	-366.392755	0	T:118.0(0.34%),B:2.3(0.01%),P:1e-159	Tpos:96.7,Tstd:55.5,Bpos:75.1,Bstd:34.7,StrandBias:0.1,Multiplicity:1.00
0.001	0.001	0.997	0.001
0.855	0.143	0.001	0.001
0.581	0.001	0.417	0.001
0.001	0.001	0.001	0.997
0.997	0.001	0.001	0.001
0.676	0.322	0.001	0.001
0.001	0.423	0.274	0.302
0.001	0.049	0.949	0.001
0.001	0.001	0.049	0.949
0.049	0.001	0.049	0.901
>TATGCTAGGT	17-TATGCTAGGT	10.011133	-362.331034	0	T:117.0(0.34%),B:2.9(0.01%),P:1e-157	Tpos:104.2,Tstd:52.1,Bpos:77.3,Bstd:62.4,StrandBias:0.3,Multiplicity:1.00
0.001	0.001	0.001	0.997
0.997	0.001	0.001	0.001
0.001	0.001	0.001	0.997
0.001	0.022	0.976	0.001
0.001	0.997	0.001	0.001
0.001	0.001	0.001	0.997
0.997	0.001	0.001	0.001
0.009	0.001	0.989	0.001
0.001	0.001	0.997	0.001
0.001	0.001	0.001	0.997
>AGGGACCGAT	18-AGGGACCGAT	10.019189	-358.371226	0	T:99.0(0.29%),B:1.5(0.00%),P:1e-155	Tpos:97.0,Tstd:52.3,Bpos:148.6,Bstd:26.8,StrandBias:0.2,Multiplicity:1.18
0.997	0.001	0.001	0.001
0.001	0.001	0.997	0.001
0.001	0.022	0.971	0.006
0.001	0.001	0.997	0.001
0.997	0.001	0.001	0.001
0.001	0.997	0.001	0.001
0.001	0.997	0.001	0.001
0.001	0.001	0.997	0.001
0.997	0.001	0.001	0.001
0.001	0.001	0.001	0.997
>TGACACATCA	19-TGACACATCA	11.023431	-343.236934	0	T:306.0(0.88%),B:42.3(0.12%),P:1e-149	Tpos:104.0,Tstd:52.8,Bpos:91.2,Bstd:51.4,StrandBias:0.7,Multiplicity:1.36
0.001	0.001	0.001	0.997
0.001	0.001	0.997	0.001
0.997	0.001	0.001	0.001
0.001	0.653	0.201	0.145
0.997	0.001	0.001	0.001
0.001	0.997	0.001	0.001
0.997	0.001	0.001	0.001
0.001	0.093	0.001	0.905
0.001	0.997	0.001	0.001
0.983	0.001	0.015	0.001
>ATATCGAAAT	20-ATATCGAAAT	8.012675	-338.142588	0	T:111.0(0.32%),B:2.6(0.01%),P:1e-146	Tpos:101.6,Tstd:55.0,Bpos:106.5,Bstd:18.5,StrandBias:-0.0,Multiplicity:1.08
0.996	0.001	0.001	0.002
0.001	0.002	0.001	0.996
0.995	0.001	0.003	0.001
0.009	0.001	0.001	0.989
0.001	0.997	0.001	0.001
0.001	0.001	0.997	0.001
0.993	0.003	0.003	0.001
0.997	0.001	0.001	0.001
0.997	0.001	0.001	0.001
0.001	0.001	0.001	0.997
>TGAAGGATTG	21-TGAAGGATTG	12.797444	-261.074796	0	T:195.0(0.56%),B:21.1(0.06%),P:1e-113	Tpos:96.9,Tstd:54.4,Bpos:92.8,Bstd:54.3,StrandBias:0.4,Multiplicity:1.56
0.001	0.001	0.001	0.997
0.001	0.001	0.997	0.001
0.997	0.001	0.001	0.001
0.997	0.001	0.001	0.001
0.001	0.001	0.997	0.001
0.001	0.354	0.644	0.001
0.997	0.001	0.001	0.001
0.001	0.001	0.001	0.997
0.001	0.001	0.001	0.997
0.001	0.001	0.997	0.001
>TGCTGCTGST	22-TGCTGCTGST	10.420820	-253.205326	0	T:1209.0(3.49%),B:583.1(1.72%),P:1e-109	Tpos:99.3,Tstd:53.3,Bpos:99.6,Bstd:61.7,StrandBias:-0.0,Multiplicity:1.05
0.001	0.001	0.044	0.954
0.001	0.098	0.878	0.023
0.001	0.997	0.001	0.001
0.007	0.001	0.001	0.991
0.001	0.001	0.997	0.001
0.001	0.997	0.001	0.001
0.001	0.001	0.001	0.997
0.025	0.007	0.742	0.226
0.001	0.479	0.499	0.020
0.018	0.014	0.024	0.944
>STGTGTRTRT	23-STGTGTRTRT	6.605382	-246.027477	0	T:4737.0(13.67%),B:3383.5(9.95%),P:1e-106	Tpos:100.8,Tstd:57.2,Bpos:98.5,Bstd:59.2,StrandBias:0.1,Multiplicity:1.24
0.202	0.404	0.315	0.080
0.024	0.022	0.001	0.953
0.236	0.108	0.550	0.106
0.001	0.144	0.022	0.833
0.246	0.005	0.613	0.136
0.001	0.001	0.001	0.997
0.376	0.117	0.351	0.156
0.001	0.014	0.001	0.984
0.362	0.058	0.431	0.150
0.041	0.375	0.001	0.583
>CTACTAAGSG	24-CTACTAAGSG	10.697029	-241.067429	0	T:86.0(0.25%),B:2.9(0.01%),P:1e-104	Tpos:99.8,Tstd:54.9,Bpos:70.8,Bstd:48.6,StrandBias:0.0,Multiplicity:1.53
0.001	0.997	0.001	0.001
0.001	0.001	0.001	0.997
0.997	0.001	0.001	0.001
0.001	0.997	0.001	0.001
0.001	0.001	0.001	0.997
0.997	0.001	0.001	0.001
0.688	0.310	0.001	0.001
0.001	0.249	0.749	0.001
0.001	0.558	0.440	0.001
0.001	0.001	0.997	0.001
>CTGATGCTCC	25-CTGATGCTCC	10.339576	-210.454154	0	T:212.0(0.61%),B:34.5(0.10%),P:1e-91	Tpos:100.6,Tstd:53.0,Bpos:97.9,Bstd:66.8,StrandBias:0.2,Multiplicity:1.39
0.001	0.997	0.001	0.001
0.001	0.001	0.001	0.997
0.033	0.001	0.965	0.001
0.997	0.001	0.001	0.001
0.001	0.049	0.001	0.949
0.001	0.001	0.997	0.001
0.001	0.997	0.001	0.001
0.001	0.001	0.001	0.997
0.001	0.997	0.001	0.001
0.001	0.962	0.036	0.001
>RGGGGGCGKGGC	1-RGGGGGCGKGGC	9.665093	-2015.753813	0	T:2843.0(8.20%),B:656.7(1.93%),P:1e-875	Tpos:100.7,Tstd:52.2,Bpos:98.2,Bstd:61.9,StrandBias:-0.1,Multiplicity:1.42
0.458	0.093	0.393	0.056
0.273	0.041	0.672	0.014
0.111	0.001	0.545	0.343
0.169	0.001	0.829	0.001
0.001	0.001	0.997	0.001
0.001	0.001	0.997	0.001
0.006	0.989	0.001	0.004
0.001	0.001	0.997	0.001
0.001	0.001	0.551	0.447
0.108	0.001	0.890	0.001
0.019	0.001	0.976	0.004
0.048	0.857	0.001	0.094
>TCYGATTGGYYS	2-TCYGATTGGYYS	9.351534	-1798.982876	0	T:2298.0(6.63%),B:480.8(1.41%),P:1e-781	Tpos:102.6,Tstd:48.8,Bpos:97.9,Bstd:58.8,StrandBias:-0.1,Multiplicity:1.33
0.041	0.258	0.234	0.466
0.003	0.775	0.184	0.038
0.004	0.514	0.051	0.431
0.002	0.368	0.520	0.110
0.991	0.001	0.007	0.001
0.001	0.001	0.001	0.997
0.001	0.001	0.001	0.997
0.001	0.001	0.997	0.001
0.001	0.001	0.997	0.001
0.087	0.476	0.053	0.384
0.015	0.443	0.108	0.434
0.175	0.307	0.430	0.088
>TGCCAGCATTGT	3-TGCCAGCATTGT	12.615264	-1717.712300	0	T:353.0(1.02%),B:1.4(0.00%),P:1e-745	Tpos:100.3,Tstd:55.4,Bpos:160.3,Bstd:33.8,StrandBias:0.7,Multiplicity:1.82
0.001	0.001	0.001	0.997
0.001	0.001	0.997	0.001
0.001	0.972	0.004	0.023
0.001	0.997	0.001	0.001
0.997	0.001	0.001	0.001
0.011	0.001	0.987	0.001
0.001	0.995	0.003	0.001
0.977	0.001	0.020	0.002
0.001	0.018	0.018	0.963
0.001	0.001	0.001	0.997
0.004	0.001	0.994	0.001
0.001	0.001	0.001	0.997
>AAATGTTTTTCT	4-AAATGTTTTTCT	11.127127	-1531.739797	0	T:321.0(0.93%),B:1.9(0.01%),P:1e-665	Tpos:102.2,Tstd:55.3,Bpos:53.8,Bstd:7.7,StrandBias:0.6,Multiplicity:1.55
0.997	0.001	0.001	0.001
0.991	0.001	0.007	0.001
0.993	0.001	0.005	0.001
0.002	0.001	0.128	0.869
0.001	0.001	0.997	0.001
0.001	0.001	0.001	0.997
0.001	0.001	0.001	0.997
0.001	0.001	0.001	0.997
0.001	0.001	0.001	0.997
0.001	0.032	0.001	0.966
0.001	0.996	0.002	0.001
0.001	0.001	0.002	0.996
>GCGCATGCGCAV	5-GCGCATGCGCAV	10.644428	-1398.808916	0	T:1421.0(4.10%),B:230.8(0.68%),P:1e-607	Tpos:100.3,Tstd:51.9,Bpos:108.5,Bstd:66.6,StrandBias:-0.0,Multiplicity:1.27
0.203	0.006	0.790	0.001
0.129	0.821	0.036	0.014
0.051	0.001	0.947	0.001
0.001	0.997	0.001	0.001
0.862	0.065	0.042	0.031
0.001	0.063	0.090	0.846
0.001	0.001	0.997	0.001
0.001	0.970	0.001	0.028
0.010	0.036	0.817	0.137
0.001	0.873	0.001	0.125
0.485	0.221	0.226	0.068
0.236	0.222	0.354	0.188
>TAGTGAYACATC	6-TAGTGAYACATC	10.077312	-1348.987404	0	T:289.0(0.83%),B:2.0(0.01%),P:1e-585	Tpos:101.5,Tstd:53.2,Bpos:74.0,Bstd:0.0,StrandBias:0.6,Multiplicity:1.51
0.342	0.074	0.005	0.579
0.789	0.083	0.122	0.006
0.201	0.075	0.533	0.191
0.311	0.009	0.005	0.675
0.191	0.174	0.630	0.005
0.576	0.036	0.146	0.242
0.152	0.346	0.132	0.369
0.614	0.007	0.292	0.087
0.143	0.775	0.042	0.040
0.754	0.076	0.042	0.128
0.011	0.048	0.115	0.826
0.057	0.765	0.006	0.172
>GAGARGCCACAC	7-GAGARGCCACAC	10.514392	-1186.175771	0	T:416.0(1.20%),B:9.7(0.03%),P:1e-515	Tpos:103.9,Tstd:49.3,Bpos:117.8,Bstd:48.5,StrandBias:0.6,Multiplicity:2.73
0.065	0.246	0.666	0.023
0.839	0.055	0.067	0.039
0.138	0.059	0.623	0.180
0.759	0.047	0.155	0.039
0.413	0.124	0.401	0.062
0.062	0.030	0.627	0.281
0.104	0.768	0.042	0.086
0.131	0.793	0.025	0.051
0.577	0.178	0.044	0.201
0.088	0.521	0.052	0.339
0.528	0.141	0.237	0.094
0.193	0.763	0.028	0.016
>MCATTTTGTGYT	8-MCATTTTGTGYT	10.027255	-1038.032777	0	T:233.0(0.67%),B:1.7(0.00%),P:1e-450	Tpos:94.5,Tstd:48.8,Bpos:49.8,Bstd:17.2,StrandBias:-0.2,Multiplicity:1.56
0.494	0.386	0.017	0.103
0.022	0.742	0.045	0.191
0.678	0.138	0.070	0.114
0.074	0.092	0.191	0.643
0.021	0.273	0.132	0.574
0.012	0.020	0.193	0.775
0.008	0.010	0.182	0.800
0.238	0.012	0.575	0.175
0.273	0.009	0.209	0.509
0.176	0.285	0.524	0.015
0.113	0.338	0.112	0.437
0.100	0.165	0.075	0.660
>AATYGGTATGAC	9-AATYGGTATGAC	11.809322	-730.412690	0	T:175.0(0.50%),B:0.0(0.00%),P:1e-317	Tpos:102.7,Tstd:52.9,Bpos:0.0,Bstd:0.0,StrandBias:0.2,Multiplicity:1.58
0.974	0.004	0.011	0.011
0.671	0.078	0.029	0.222
0.047	0.037	0.013	0.903
0.145	0.490	0.002	0.363
0.212	0.046	0.703	0.039
0.064	0.016	0.911	0.009
0.007	0.013	0.007	0.973
0.918	0.004	0.016	0.062
0.115	0.348	0.004	0.533
0.021	0.004	0.970	0.005
0.984	0.005	0.009	0.002
0.009	0.973	0.007	0.011
>GNSTGACGTCAC	10-GNSTGACGTCAC	9.381406	-704.278358	0	T:864.0(2.49%),B:171.1(0.50%),P:1e-305	Tpos:97.7,Tstd:51.2,Bpos:100.8,Bstd:57.6,StrandBias:0.0,Multiplicity:1.19
0.074	0.297	0.491	0.138
0.235	0.279	0.300	0.186
0.078	0.452	0.424	0.046
0.014	0.014	0.033	0.939
0.015	0.351	0.533	0.101
0.972	0.003	0.017	0.008
0.151	0.628	0.212	0.009
0.077	0.039	0.872	0.012
0.002	0.025	0.008	0.965
0.005	0.576	0.416	0.003
0.964	0.005	0.022	0.009
0.065	0.743	0.097	0.095
>GGAATACATAGA	11-GGAATACATAGA	13.182049	-639.066885	0	T:199.0(0.57%),B:3.2(0.01%),P:1e-277	Tpos:101.5,Tstd:51.9,Bpos:85.4,Bstd:45.4,StrandBias:-0.1,Multiplicity:2.11
0.001	0.001	0.997	0.001
0.001	0.001	0.939	0.059
0.945	0.001	0.053	0.001
0.997	0.001	0.001	0.001
0.002	0.001	0.001	0.996
0.982	0.001	0.001	0.016
0.001	0.996	0.001	0.002
0.997	0.001	0.001	0.001
0.001	0.021	0.001	0.977
0.997	0.001	0.001	0.001
0.001	0.001	0.997	0.001
0.678	0.001	0.315	0.006
>TCGSTTCCTRAC	12-TCGSTTCCTRAC	11.844854	-587.891447	0	T:170.0(0.49%),B:2.3(0.01%),P:1e-255	Tpos:99.8,Tstd:53.1,Bpos:104.8,Bstd:72.5,StrandBias:-0.2,Multiplicity:1.44
0.021	0.132	0.030	0.817
0.029	0.781	0.051	0.139
0.008	0.037	0.814	0.141
0.179	0.392	0.410	0.020
0.043	0.045	0.019	0.893
0.171	0.148	0.028	0.653
0.011	0.947	0.021	0.021
0.037	0.939	0.011	0.013
0.026	0.019	0.026	0.929
0.410	0.029	0.452	0.108
0.936	0.016	0.027	0.021
0.016	0.931	0.032	0.021
>ATATCGAAATCG	13-ATATCGAAATCG	11.208161	-583.516052	0	T:146.0(0.42%),B:1.5(0.00%),P:1e-253	Tpos:101.9,Tstd:54.0,Bpos:112.0,Bstd:13.5,StrandBias:-0.0,Multiplicity:1.08
0.926	0.015	0.015	0.044
0.044	0.059	0.044	0.853
0.898	0.029	0.044	0.029
0.058	0.001	0.001	0.940
0.089	0.632	0.146	0.133
0.089	0.131	0.678	0.102
0.941	0.014	0.044	0.001
0.911	0.045	0.015	0.029
0.911	0.015	0.059	0.015
0.015	0.044	0.044	0.897
0.073	0.749	0.044	0.134
0.132	0.044	0.721	0.103
>GACTGGCCCATT	14-GACTGGCCCATT	10.876232	-565.261520	0	T:206.0(0.59%),B:5.8(0.02%),P:1e-245	Tpos:106.3,Tstd:54.1,Bpos:113.3,Bstd:65.3,StrandBias:0.3,Multiplicity:1.45
0.001	0.001	0.997	0.001
0.997	0.001	0.001	0.001
0.017	0.975	0.001	0.007
0.001	0.001	0.001	0.997
0.001	0.001	0.997	0.001
0.011	0.001	0.598	0.390
0.001	0.989	0.001	0.009
0.001	0.992	0.001	0.006
0.001	0.976	0.001	0.022
0.997	0.001	0.001	0.001
0.007	0.023	0.001	0.969
0.001	0.001	0.001	0.997
>TAAGSAGCATCA	15-TAAGSAGCATCA	13.017809	-542.197534	0	T:243.0(0.70%),B:10.1(0.03%),P:1e-235	Tpos:101.8,Tstd:53.2,Bpos:110.7,Bstd:57.7,StrandBias:-0.2,Multiplicity:1.30
0.014	0.280	0.029	0.677
0.951	0.008	0.010	0.031
0.938	0.003	0.009	0.050
0.245	0.017	0.722	0.016
0.115	0.392	0.487	0.006
0.984	0.004	0.001	0.011
0.068	0.010	0.920	0.002
0.026	0.966	0.002	0.006
0.986	0.006	0.003	0.005
0.016	0.224	0.272	0.489
0.006	0.909	0.003	0.082
0.972	0.011	0.005	0.012
>GAACCTTCTCTG	16-GAACCTTCTCTG	12.508797	-539.051800	0	T:137.0(0.40%),B:1.4(0.00%),P:1e-234	Tpos:90.2,Tstd:60.8,Bpos:37.0,Bstd:0.0,StrandBias:0.1,Multiplicity:1.00
0.001	0.001	0.997	0.001
0.997	0.001	0.001	0.001
0.985	0.001	0.001	0.013
0.001	0.997	0.001	0.001
0.017	0.981	0.001	0.001
0.001	0.001	0.001	0.997
0.001	0.001	0.001	0.997
0.001	0.997	0.001	0.001
0.001	0.004	0.001	0.994
0.001	0.993	0.001	0.005
0.001	0.001	0.001	0.997
0.001	0.001	0.997	0.001
>TCAATCCTTCAG	17-TCAATCCTTCAG	11.357164	-507.893164	0	T:252.0(0.73%),B:13.7(0.04%),P:1e-220	Tpos:98.3,Tstd:54.9,Bpos:90.8,Bstd:46.7,StrandBias:-0.3,Multiplicity:1.80
0.001	0.033	0.001	0.965
0.023	0.948	0.001	0.028
0.997	0.001	0.001	0.001
0.906	0.001	0.065	0.028
0.006	0.003	0.001	0.990
0.001	0.642	0.341	0.016
0.001	0.963	0.001	0.035
0.011	0.001	0.001	0.987
0.001	0.023	0.001	0.975
0.001	0.997	0.001	0.001
0.997	0.001	0.001	0.001
0.001	0.001	0.946	0.052
>GGTGACATACGC	18-GGTGACATACGC	12.298407	-490.342893	0	T:127.0(0.37%),B:0.8(0.00%),P:1e-212	Tpos:102.3,Tstd:55.6,Bpos:46.0,Bstd:0.0,StrandBias:-0.3,Multiplicity:1.46
0.264	0.001	0.734	0.001
0.079	0.001	0.909	0.011
0.218	0.001	0.001	0.780
0.048	0.034	0.907	0.011
0.893	0.011	0.033	0.063
0.001	0.486	0.293	0.220
0.988	0.001	0.010	0.001
0.001	0.004	0.208	0.787
0.988	0.010	0.001	0.001
0.163	0.629	0.012	0.196
0.156	0.011	0.832	0.001
0.001	0.975	0.023	0.001
>TGGCCTYTKTGT	19-TGGCCTYTKTGT	14.160733	-490.342893	0	T:127.0(0.37%),B:1.9(0.01%),P:1e-212	Tpos:104.1,Tstd:53.1,Bpos:133.3,Bstd:41.2,StrandBias:-0.0,Multiplicity:1.00
0.001	0.022	0.003	0.974
0.003	0.001	0.995	0.001
0.190	0.003	0.806	0.001
0.045	0.950	0.004	0.001
0.003	0.780	0.001	0.216
0.003	0.001	0.001	0.995
0.004	0.541	0.004	0.451
0.001	0.001	0.003	0.995
0.088	0.001	0.449	0.461
0.003	0.003	0.001	0.993
0.001	0.001	0.732	0.266
0.001	0.166	0.001	0.832
>GAATGTGAGGCT	20-GAATGTGAGGCT	13.963626	-480.693674	0	T:125.0(0.36%),B:1.1(0.00%),P:1e-208	Tpos:98.1,Tstd:53.0,Bpos:30.0,Bstd:0.0,StrandBias:0.1,Multiplicity:1.14
0.001	0.001	0.997	0.001
0.928	0.001	0.070	0.001
0.928	0.001	0.001	0.070
0.001	0.070	0.001	0.928
0.141	0.001	0.857	0.001
0.001	0.001	0.001	0.997
0.001	0.226	0.772	0.001
0.997	0.001	0.001	0.001
0.212	0.001	0.786	0.001
0.001	0.001	0.997	0.001
0.001	0.793	0.001	0.205
0.071	0.071	0.071	0.787
>CTTTTCTCAGGA	21-CTTTTCTCAGGA	15.094988	-471.076441	0	T:123.0(0.35%),B:1.0(0.00%),P:1e-204	Tpos:97.8,Tstd:52.2,Bpos:119.0,Bstd:0.0,StrandBias:0.3,Multiplicity:1.00
0.029	0.916	0.041	0.014
0.001	0.013	0.001	0.985
0.014	0.042	0.014	0.930
0.013	0.001	0.001	0.985
0.014	0.014	0.001	0.971
0.014	0.845	0.140	0.001
0.042	0.080	0.014	0.864
0.042	0.943	0.014	0.001
0.953	0.029	0.004	0.014
0.091	0.001	0.907	0.001
0.297	0.001	0.701	0.001
0.640	0.024	0.094	0.242
>TCAGTTGAACYG	22-TCAGTTGAACYG	11.477792	-342.151966	0	T:112.0(0.32%),B:2.1(0.01%),P:1e-148	Tpos:101.0,Tstd:64.2,Bpos:45.9,Bstd:34.5,StrandBias:0.0,Multiplicity:1.00
0.048	0.045	0.062	0.845
0.027	0.887	0.062	0.024
0.634	0.032	0.035	0.299
0.035	0.043	0.861	0.061
0.075	0.073	0.070	0.782
0.061	0.029	0.112	0.798
0.039	0.309	0.620	0.032
0.842	0.054	0.073	0.031
0.849	0.033	0.068	0.050
0.070	0.734	0.160	0.036
0.104	0.464	0.047	0.385
0.156	0.065	0.685	0.094
>CCCTTAGTAGTC	23-CCCTTAGTAGTC	11.595442	-326.537535	0	T:92.0(0.27%),B:1.4(0.00%),P:1e-141	Tpos:103.8,Tstd:53.1,Bpos:146.2,Bstd:18.5,StrandBias:-0.2,Multiplicity:1.77
0.032	0.934	0.001	0.033
0.016	0.902	0.016	0.066
0.096	0.817	0.001	0.086
0.016	0.001	0.016	0.967
0.033	0.096	0.048	0.823
0.805	0.033	0.047	0.115
0.246	0.002	0.736	0.016
0.033	0.243	0.049	0.675
0.872	0.016	0.048	0.064
0.033	0.033	0.740	0.194
0.001	0.200	0.033	0.766
0.250	0.636	0.016	0.098
>ACCATCCCTGGC	24-ACCATCCCTGGC	13.480158	-242.940257	0	T:73.0(0.21%),B:1.9(0.01%),P:1e-105	Tpos:106.1,Tstd:46.2,Bpos:163.8,Bstd:33.5,StrandBias:0.1,Multiplicity:1.94
0.997	0.001	0.001	0.001
0.069	0.929	0.001	0.001
0.001	0.606	0.191	0.202
0.997	0.001	0.001	0.001
0.001	0.001	0.001	0.997
0.191	0.807	0.001	0.001
0.001	0.997	0.001	0.001
0.001	0.737	0.191	0.071
0.001	0.001	0.001	0.997
0.001	0.001	0.997	0.001
0.001	0.001	0.997	0.001
0.001	0.868	0.001	0.130
>ACACACACACAC	25-ACACACACACAC	7.708808	-205.992107	0	T:2612.0(7.54%),B:1704.7(5.01%),P:1e-89	Tpos:100.8,Tstd:56.3,Bpos:97.2,Bstd:58.6,StrandBias:-0.1,Multiplicity:1.18
0.768	0.063	0.117	0.052
0.255	0.509	0.062	0.174
0.846	0.017	0.029	0.108
0.118	0.551	0.181	0.150
0.936	0.005	0.018	0.041
0.155	0.647	0.097	0.101
0.955	0.017	0.009	0.019
0.100	0.619	0.172	0.109
0.898	0.031	0.037	0.034
0.090	0.579	0.207	0.124
0.826	0.062	0.042	0.070
0.087	0.492	0.273	0.148
>GGCGGGGC	1-GGCGGGGC	9.968477	-1327.895130	0	T:2837.0(8.19%),B:907.4(2.67%),P:1e-576	Tpos:100.7,Tstd:53.4,Bpos:100.9,Bstd:61.0,StrandBias:-0.1,Multiplicity:1.38
0.001	0.001	0.997	0.001
0.001	0.001	0.997	0.001
0.001	0.997	0.001	0.001
0.001	0.001	0.997	0.001
0.001	0.001	0.636	0.362
0.082	0.001	0.916	0.001
0.001	0.001	0.997	0.001
0.001	0.997	0.001	0.001
>CTGATTGG	2-CTGATTGG	6.890588	-1241.423891	0	T:2451.0(7.07%),B:739.2(2.17%),P:1e-539	Tpos:101.4,Tstd:50.0,Bpos:98.3,Bstd:60.0,StrandBias:-0.1,Multiplicity:1.30
0.001	0.909	0.089	0.001
0.001	0.188	0.001	0.810
0.001	0.088	0.910	0.001
0.997	0.001	0.001	0.001
0.001	0.001	0.001	0.997
0.001	0.001	0.001	0.997
0.001	0.001	0.997	0.001
0.001	0.001	0.997	0.001
>ATTGGHYG	3-ATTGGHYG	6.616465	-978.781682	0	T:4527.0(13.06%),B:2203.7(6.48%),P:1e-425	Tpos:101.0,Tstd:53.2,Bpos:100.4,Bstd:58.5,StrandBias:0.0,Multiplicity:1.13
0.997	0.001	0.001	0.001
0.001	0.001	0.001	0.997
0.001	0.026	0.001	0.972
0.001	0.237	0.761	0.001
0.129	0.056	0.796	0.019
0.348	0.300	0.088	0.263
0.001	0.488	0.019	0.492
0.132	0.136	0.679	0.053
>GCGCATGC	4-GCGCATGC	8.236954	-966.064810	0	T:1345.0(3.88%),B:302.7(0.89%),P:1e-419	Tpos:101.5,Tstd:53.2,Bpos:101.5,Bstd:65.8,StrandBias:0.0,Multiplicity:1.23
0.100	0.100	0.700	0.100
0.100	0.700	0.100	0.100
0.100	0.100	0.700	0.100
0.100	0.700	0.100	0.100
0.700	0.100	0.100	0.100
0.100	0.100	0.100	0.700
0.100	0.100	0.700	0.100
0.100	0.700	0.100	0.100
>AGGGGGCG	5-AGGGGGCG	9.348953	-730.899998	0	T:2317.0(6.69%),B:932.0(2.74%),P:1e-317	Tpos:100.3,Tstd:54.7,Bpos:98.2,Bstd:62.0,StrandBias:-0.1,Multiplicity:1.10
0.997	0.001	0.001	0.001
0.001	0.001	0.997	0.001
0.179	0.001	0.505	0.315
0.001	0.001	0.997	0.001
0.001	0.001	0.997	0.001
0.001	0.001	0.997	0.001
0.001	0.997	0.001	0.001
0.001	0.001	0.997	0.001
>ACTTCCGG	6-ACTTCCGG	8.236954	-428.632897	0	T:787.0(2.27%),B:222.7(0.66%),P:1e-186	Tpos:103.7,Tstd:53.5,Bpos:96.8,Bstd:61.7,StrandBias:-0.2,Multiplicity:1.21
0.700	0.100	0.100	0.100
0.100	0.700	0.100	0.100
0.100	0.100	0.100	0.700
0.100	0.100	0.100	0.700
0.100	0.700	0.100	0.100
0.100	0.700	0.100	0.100
0.100	0.100	0.700	0.100
0.100	0.100	0.700	0.100
>TGACGTCA	7-TGACGTCA	10.801443	-417.599277	0	T:662.0(1.91%),B:166.4(0.49%),P:1e-181	Tpos:95.1,Tstd:52.2,Bpos:100.3,Bstd:59.8,StrandBias:0.0,Multiplicity:1.07
0.001	0.001	0.001	0.997
0.001	0.001	0.997	0.001
0.997	0.001	0.001	0.001
0.233	0.765	0.001	0.001
0.001	0.001	0.997	0.001
0.001	0.001	0.001	0.997
0.001	0.997	0.001	0.001
0.997	0.001	0.001	0.001
>ATTGTGGG	8-ATTGTGGG	8.236954	-376.079026	0	T:689.0(1.99%),B:194.0(0.57%),P:1e-163	Tpos:100.5,Tstd:56.3,Bpos:103.6,Bstd:56.1,StrandBias:0.3,Multiplicity:1.35
0.700	0.100	0.100	0.100
0.100	0.100	0.100	0.700
0.100	0.100	0.100	0.700
0.100	0.100	0.700	0.100
0.100	0.100	0.100	0.700
0.100	0.100	0.700	0.100
0.100	0.100	0.700	0.100
0.100	0.100	0.700	0.100
>AGAGAGTC	9-AGAGAGTC	8.236954	-363.014919	0	T:768.0(2.22%),B:240.4(0.71%),P:1e-157	Tpos:102.0,Tstd:53.5,Bpos:104.8,Bstd:71.3,StrandBias:0.2,Multiplicity:1.29
0.700	0.100	0.100	0.100
0.100	0.100	0.700	0.100
0.700	0.100	0.100	0.100
0.100	0.100	0.700	0.100
0.700	0.100	0.100	0.100
0.100	0.100	0.700	0.100
0.100	0.100	0.100	0.700
0.100	0.700	0.100	0.100
>GTCACGTG	10-GTCACGTG	10.882993	-339.325039	0	T:568.0(1.64%),B:149.9(0.44%),P:1e-147	Tpos:101.6,Tstd:52.4,Bpos:105.2,Bstd:54.0,StrandBias:-0.1,Multiplicity:1.18
0.001	0.168	0.830	0.001
0.001	0.001	0.001	0.997
0.001	0.997	0.001	0.001
0.997	0.001	0.001	0.001
0.001	0.997	0.001	0.001
0.001	0.001	0.997	0.001
0.001	0.001	0.001	0.997
0.001	0.001	0.997	0.001
>AGTSAAWC	11-AGTSAAWC	4.403317	-310.426629	0	T:10259.0(29.60%),B:8089.1(23.80%),P:1e-134	Tpos:100.8,Tstd:56.0,Bpos:100.0,Bstd:63.4,StrandBias:0.0,Multiplicity:1.37
0.827	0.171	0.001	0.001
0.001	0.001	0.997	0.001
0.139	0.001	0.001	0.859
0.001	0.437	0.561	0.001
0.997	0.001	0.001	0.001
0.763	0.074	0.162	0.001
0.495	0.001	0.121	0.383
0.001	0.997	0.001	0.001
>CCATAGAG	12-CCATAGAG	8.186919	-294.293379	0	T:918.0(2.65%),B:363.5(1.07%),P:1e-127	Tpos:100.7,Tstd:54.0,Bpos:100.6,Bstd:65.3,StrandBias:0.1,Multiplicity:1.22
0.001	0.997	0.001	0.001
0.001	0.997	0.001	0.001
0.942	0.001	0.056	0.001
0.001	0.001	0.001	0.997
0.997	0.001	0.001	0.001
0.001	0.001	0.997	0.001
0.997	0.001	0.001	0.001
0.001	0.001	0.997	0.001
>AGAGAGCG	13-AGAGAGCG	7.920795	-269.889044	0	T:1855.0(5.35%),B:1023.4(3.01%),P:1e-117	Tpos:101.9,Tstd:55.5,Bpos:99.5,Bstd:63.4,StrandBias:0.1,Multiplicity:1.15
0.652	0.257	0.001	0.090
0.001	0.257	0.532	0.210
0.952	0.046	0.001	0.001
0.001	0.001	0.962	0.036
0.967	0.031	0.001	0.001
0.001	0.001	0.997	0.001
0.001	0.997	0.001	0.001
0.001	0.001	0.997	0.001
>AACGTTCC	14-AACGTTCC	4.882434	-239.518471	0	T:4181.0(12.06%),B:2928.6(8.61%),P:1e-104	Tpos:99.7,Tstd:55.4,Bpos:101.2,Bstd:59.4,StrandBias:0.0,Multiplicity:1.10
0.667	0.060	0.145	0.128
0.594	0.183	0.096	0.127
0.099	0.655	0.104	0.142
0.149	0.167	0.554	0.130
0.129	0.160	0.179	0.532
0.090	0.139	0.042	0.729
0.130	0.611	0.137	0.122
0.129	0.657	0.112	0.102
>GCGCGCGC	15-GCGCGCGC	8.311477	-226.403520	0	T:1023.0(2.95%),B:482.2(1.42%),P:1e-98	Tpos:99.9,Tstd:54.6,Bpos:105.1,Bstd:70.3,StrandBias:-0.0,Multiplicity:1.29
0.070	0.001	0.928	0.001
0.001	0.997	0.001	0.001
0.001	0.001	0.997	0.001
0.001	0.997	0.001	0.001
0.086	0.001	0.912	0.001
0.001	0.997	0.001	0.001
0.001	0.001	0.997	0.001
0.208	0.790	0.001	0.001
>AAATGTTT	16-AAATGTTT	10.931209	-216.021526	0	T:683.0(1.97%),B:272.8(0.80%),P:1e-93	Tpos:98.5,Tstd:56.0,Bpos:97.6,Bstd:55.7,StrandBias:0.2,Multiplicity:1.31
0.997	0.001	0.001	0.001
0.997	0.001	0.001	0.001
0.997	0.001	0.001	0.001
0.001	0.001	0.127	0.871
0.001	0.001	0.997	0.001
0.001	0.001	0.001	0.997
0.001	0.001	0.001	0.997
0.001	0.001	0.001	0.997
>CACACAGG	17-CACACAGG	8.236954	-206.245968	0	T:735.0(2.12%),B:311.3(0.92%),P:1e-89	Tpos:103.4,Tstd:51.7,Bpos:107.7,Bstd:54.8,StrandBias:0.4,Multiplicity:1.41
0.100	0.700	0.100	0.100
0.700	0.100	0.100	0.100
0.100	0.700	0.100	0.100
0.700	0.100	0.100	0.100
0.100	0.700	0.100	0.100
0.700	0.100	0.100	0.100
0.100	0.100	0.700	0.100
0.100	0.100	0.700	0.100
>CACACANA	18-CACACANA	7.479178	-179.649481	0	T:4522.0(13.05%),B:3368.6(9.91%),P:1e-78	Tpos:101.2,Tstd:57.0,Bpos:100.0,Bstd:59.5,StrandBias:-0.0,Multiplicity:1.33
0.284	0.477	0.023	0.216
0.997	0.001	0.001	0.001
0.001	0.628	0.001	0.370
0.997	0.001	0.001	0.001
0.001	0.821	0.001	0.177
0.997	0.001	0.001	0.001
0.293	0.325	0.192	0.190
0.980	0.001	0.018	0.001
>GTCATACC	19-GTCATACC	9.799922	-175.829149	0	T:289.0(0.83%),B:75.1(0.22%),P:1e-76	Tpos:102.9,Tstd:55.3,Bpos:102.0,Bstd:59.5,StrandBias:0.1,Multiplicity:1.37
0.001	0.001	0.997	0.001
0.001	0.001	0.001	0.997
0.001	0.997	0.001	0.001
0.717	0.001	0.281	0.001
0.001	0.001	0.001	0.997
0.997	0.001	0.001	0.001
0.001	0.997	0.001	0.001
0.001	0.997	0.001	0.001
>ATATCGAA	20-ATATCGAA	8.236954	-153.336294	0	T:127.0(0.37%),B:17.0(0.05%),P:1e-66	Tpos:100.9,Tstd:55.6,Bpos:106.2,Bstd:64.0,StrandBias:-0.0,Multiplicity:1.05
0.700	0.100	0.100	0.100
0.100	0.100	0.100	0.700
0.700	0.100	0.100	0.100
0.100	0.100	0.100	0.700
0.100	0.700	0.100	0.100
0.100	0.100	0.700	0.100
0.700	0.100	0.100	0.100
0.700	0.100	0.100	0.100
>TCTCGCGA	21-TCTCGCGA	8.236954	-146.984021	0	T:218.0(0.63%),B:52.5(0.15%),P:1e-63	Tpos:98.5,Tstd:49.4,Bpos:104.8,Bstd:64.8,StrandBias:0.0,Multiplicity:1.25
0.100	0.100	0.100	0.700
0.100	0.700	0.100	0.100
0.100	0.100	0.100	0.700
0.100	0.700	0.100	0.100
0.100	0.100	0.700	0.100
0.100	0.700	0.100	0.100
0.100	0.100	0.700	0.100
0.700	0.100	0.100	0.100
>CTATGTAT	22-CTATGTAT	10.985941	-140.772383	0	T:323.0(0.93%),B:107.4(0.32%),P:1e-61	Tpos:100.4,Tstd:54.6,Bpos:101.4,Bstd:58.2,StrandBias:0.1,Multiplicity:1.96
0.001	0.997	0.001	0.001
0.001	0.001	0.078	0.920
0.997	0.001	0.001	0.001
0.001	0.001	0.001	0.997
0.001	0.001	0.997	0.001
0.001	0.001	0.001	0.997
0.997	0.001	0.001	0.001
0.001	0.001	0.001	0.997
>ATTGWGAC	23-ATTGWGAC	10.341584	-118.851380	0	T:387.0(1.12%),B:157.8(0.46%),P:1e-51	Tpos:101.3,Tstd:53.9,Bpos:97.9,Bstd:54.9,StrandBias:0.1,Multiplicity:1.25
0.997	0.001	0.001	0.001
0.001	0.001	0.001	0.997
0.001	0.001	0.001	0.997
0.001	0.001	0.997	0.001
0.474	0.042	0.001	0.483
0.001	0.001	0.997	0.001
0.997	0.001	0.001	0.001
0.001	0.997	0.001	0.001
>ATTGAGAC	24-ATTGAGAC	8.556016	-99.285107	0	T:321.0(0.93%),B:130.6(0.38%),P:1e-43	Tpos:100.4,Tstd:54.5,Bpos:90.5,Bstd:59.6,StrandBias:0.3,Multiplicity:1.28
0.997	0.001	0.001	0.001
0.001	0.001	0.001	0.997
0.001	0.001	0.001	0.997
0.001	0.001	0.997	0.001
0.917	0.081	0.001	0.001
0.001	0.001	0.997	0.001
0.997	0.001	0.001	0.001
0.001	0.997	0.001	0.001
>TGCTGCTG	25-TGCTGCTG	8.452026	-80.884407	0	T:2705.0(7.81%),B:2086.5(6.14%),P:1e-35	Tpos:101.1,Tstd:54.4,Bpos:100.0,Bstd:59.4,StrandBias:0.1,Multiplicity:1.09
0.001	0.001	0.001	0.997
0.001	0.001	0.997	0.001
0.001	0.997	0.001	0.001
0.001	0.001	0.001	0.997
0.001	0.001	0.997	0.001
0.001	0.997	0.001	0.001
0.001	0.001	0.001	0.997
0.073	0.001	0.842	0.084
